  176   704
   48  2304
  101  5380
   97  8784
  153 11917
   82 14055
  163 15505
  123 16803
   92 17738
  102 18310
  171 18206
  127 18091
  111 18198
   89 18573
  167 18789
   74 18484
   81 17822
   74 16805
  139 15728
  160 15115
  126 15379
   68 16607
  101 17654
  131 17847
  136 17201
  152 16887
  122 17452
  181 18911
  109 20209
  148 21117
  182 21487
  142 21730
  169 22265
   59 22419
   75 21981
  139 20267
   70 17901
  159 16164
  169 15681
  109 16804
   77 18238
  146 19103
   45 18680
  122 17415
  118 16032
  186 15613
  135 16410
  164 18271
  121 20337
   32 21188
  172 20817
   81 18957
   68 17210
   83 15642
  150 14806
  116 14573
  165 15153
  128 16674
  175 18620
   97 20260
   83 20865
  166 20504
   62 19207
   79 17901
  148 16593
   72 15730
  198 15684
  152 16376
  205 18457
  150 20936
   95 23097
  184 24170
   66 23381
  164 22119
   93 20294
  210 19551
  150 19605
   42 20194
  175 20884
  127 20455
   84 19785
  133 18735
  190 18414
  109 18694
  170 19559
  161 20715
  144 21765
  159 22557
   95 22679
  121 22287
   51 20834
  134 19021
  158 17206
  104 16369
  152 16897
  140 18019
  131 19358
  108 19970
  156 20155
  170 20146
  101 20210
   75 20301
  156 19965
  179 19397
  135 19126
  103 19550
  143 20340
   99 20567
   94 19878
  118 18586
  177 17613
  105 17407
  161 18140
  159 19333
  182 20723
  126 21924
  165 22823
   79 23033
  110 22312
  142 20859
   87 19068
  167 18053
   42 17374
  153 17435
  163 17360
  113 17658
   78 18160
  152 18515
   95 18535
  134 18049
  178 17908
  152 18450
  143 19820
  148 21227
  109 22105
  100 21876
  180 21011
  195 20289
  119 20446
  102 21304
   65 21609
  155 20762
  136 18978
   67 17488
  173 17134
  101 17374
  167 18170
   50 18409
  167 18686
  120 18519
  136 18406
  142 18657
   57 18748
  139 18937
  171 18433
  177 18509
  101 19129
  176 20554
  171 21880
  146 22659
  125 22978
  166 22945
  148 22807
   67 22199
  191 21568
  166 20868
  138 20863
  149 21366
  132 22019
  133 22348
  154 21980
  228 21845
  101 22045
  112 22758
  107 22790
  142 21812
   97 20089
  168 18709
  174 18527
   83 19169
  106 20062
  117 20000
  144 19300
  110 18273
   79 17653
  134 17450
   98 17140
  122 16868
   77 16410
  137 16281
   96 16171
  161 16361
  148 16962
  128 18016
  191 19575
  149 20946
  135 22212
  140 22767
   98 22627
  149 21831
   63 20369
   92 18868
  128 17305
   98 16106
  158 15739
  145 16161
   76 17330
   42 17965
  107 17488
  159 16122
   96 14892
  131 14989
  124 16054
  147 17504
   72 18297
   89 18301
   47 17333
  158 15923
  109 14668
  136 14486
   93 15376
  128 16637
   75 17361
   92 17063
  121 16317
  158 15679
   89 15815
   95 16423
  115 17023
  133 17114
  145 17077
  118 17282
  134 18084
   79 18697
  138 18877
  116 18344
   97 17694
  176 17492
  111 17672
  156 18532
  188 19553
  109 20719
  159 21750
  151 22208
  102 22229
  170 21807
  173 21427
  169 21639
  128 22232
  136 22965
  169 23214
  138 22851
  106 22262
  168 21684
   76 21020
  174 20473
  142 19894
   85 19672
  112 19542
   80 18873
  192 18180
  158 17576
  154 18365
  115 19894
  143 21386
  174 22103
  125 21883
  148 21728
  174 21730
   69 21801
  127 21494
  113 20434
  174 19385
  169 18879
  115 19403
   88 20414
  154 20834
  114 20374
  169 19561
  117 19173
  175 19697
  154 20629
   62 21245
   87 21079
   85 19529
  129 17510
   79 15473
  190 14879
  182 15794
   74 17719
  100 19577
   93 19933
   86 18878
   73 16711
  127 14890
  216 14415
  162 15642
  106 18234
  105 20633
  153 21769
  117 21257
  133 20085
   91 19115
   95 18522
  106 17848
  126 16948
  156 16451
   64 16451
  196 17339
   83 18026
  132 18706
  126 18839
  125 18774
   68 18524
  115 17856
  205 17514
  111 17407
  128 18356
  189 19651
  168 21075
   67 21912
   63 21729
   94 20297
   86 17742
   72 15070
  143 13371
   97 13075
   76 13789
   68 14449
  141 14648
   40 14217
  131 13854
  146 13898
  101 14585
  155 15941
   95 17147
  197 18520
   93 19197
  136 19886
   93 19928
  146 19599
   96 18932
  154 18273
  170 18358
   90 18807
  131 19664
  135 19902
  142 19889
   89 19431
  121 19052
  150 18730
  124 18482
  119 18548
  183 18943
  198 19940
  135 21311
  186 22966
   80 23944
   57 23659
  147 21808
  110 19156
   96 17099
   66 15874
  155 15679
  122 15681
   68 15861
  187 16436
   63 16856
  148 17534
  106 17619
  136 17800
  138 17987
  154 18399
  106 19154
   93 19488
   74 19254
  189 18315
  162 17582
  142 17965
  119 19385
  163 20954
  171 21936
  182 22343
  123 22789
  170 23389
  136 23732
  114 23415
   68 22256
  158 20645
  101 18954
  151 17886
  140 17743
   96 18257
  194 19218
  171 19999
  141 21109
   63 21795
  132 21903
  153 20941
  136 19603
  176 19144
   87 19501
  106 20314
  111 20160
  163 19340
   83 18269
  122 17768
  117 17721
  128 17725
  151 17866
  134 18149
  189 19167
  103 20237
  122 21231
  107 21228
  129 20452
  123 19302
  116 18330
  179 18249
  113 18619
  150 19554
  149 20302
  171 21042
   78 21390
  138 21366
  152 20916
  146 20301
  147 20147
   47 20060
  157 20069
  111 19233
   70 18159
  212 17434
  113 17381
  150 18487
   89 19416
   47 19766
  105 18735
  155 16830
  194 15839
   60 16088
  143 17825
  150 19227
   98 19726
   97 19346
  172 18712
   69 18268
  166 18128
  110 18125
  192 18633
  124 19396
   75 20149
  190 20694
   68 20189
  105 19536
  108 18246
  120 17304
  136 16712
  166 16818
  199 18141
   88 19826
  110 21455
  169 21878
  170 21478
   88 20860
  113 20496
  126 20188
   93 19378
  144 18394
   88 17447
   97 17051
  155 16900
  165 17122
  160 18005
   52 19121
   78 19873
   99 19073
  114 17175
  174 15559
  153 15448
  147 17230
   58 19232
  197 20627
  159 20764
  101 20576
  109 20500
   89 20119
  207 19670
  139 18976
   91 19160
  154 19820
  162 20472
  140 20853
  117 20843
  167 21087
  157 21323
  140 21619
   91 21685
   87 21209
   99 19952
  152 18222
   72 16691
   81 15895
   84 15469
  125 15032
  147 14726
   69 14795
  113 15558
  170 16369
   65 16926
  185 17469
   71 17740
  124 18204
  161 18289
   85 18193
  160 18400
   88 18342
   94 18488
  169 18131
   72 17651
  124 17437
  125 17190
   37 16988
   81 16262
  140 15127
   81 14177
   50 13585
  131 13584
  142 13873
   39 14209
   74 14497
  149 14523
   80 14311
  115 14309
   62 14413
   91 14655
   46 14225
  102 13337
  102 12415
  169 12358
  123 13581
   93 15499
   84 17207
   68 17491
   82 16445
   87 14561
   82 13067
  104 12383
  165 12784
  161 14172
  128 16324
  199 18925
   67 20872
  180 22026
   74 21670
  235 21164
  177 20931
   73 21502
  154 22523
   78 22271
  100 21169
  121 18893
  202 17537
  129 17451
   60 18442
  198 19771
  162 20315
   64 20478
  107 20151
  184 19716
   43 18925
  187 18344
  149 18145
  105 18692
   51 19149
   83 18704
  156 17458
   45 15572
  134 14693
  162 14638
  141 15799
   82 17256
  164 18558
   94 19210
  160 19288
  167 19307
  191 19930
  143 21323
   62 22503
  136 22819
  169 21685
   91 20181
   46 18768
  173 17919
  189 17538
   36 17500
  203 18262
  115 19022
   48 19538
   83 18894
   71 17152
   86 15076
   42 12884
  131 11806
  101 11475
   42 11970
  105 12665
  114 13020
   60 13218
  145 13413
  130 13992
  159 15270
  150 17006
  105 18833
  180 20357
  142 21089
   85 21329
  186 21182
   94 20742
   96 20240
   81 19170
  141 18005
  142 16983
  113 16621
  164 17382
  103 18380
  126 19391
   74 19367
   82 18537
  113 17096
  105 15621
  158 15063
  124 15421
  126 16796
  176 18363
  158 19791
  126 20962
   99 21542
  129 21480
  124 20583
  157 19557
  194 19262
  142 20042
  127 21533
  134 22588
  109 22572
  107 21462
  129 19905
   81 18464
   97 17371
  152 16662
  181 16632
  165 17629
   99 19368
  100 20948
   72 21015
   69 19353
  119 16775
  133 14712
  103 14125
  162 14997
  163 16728
  189 18877
  116 20846
  111 22258
  175 22718
   94 22052
  169 21226
  129 20438
  189 20598
  111 21050
  129 21599
  226 22092
  130 22286
  101 22723
   66 22355
   74 21030
  148 18626
  130 16302
  179 15725
  159 16964
  101 19285
  109 20981
  109 21083
  146 20084
  110 18700
  132 18059
  145 18157
  144 18757
  182 19703
   81 20464
  100 20952
  191 20722
  161 20246
   39 19875
   60 19412
   99 18259
  131 16311
  125 14630
  121 14336
  116 15473
   47 16660
  153 17143
   74 16458
  160 15944
  158 16054
  130 17185
   95 18699
  127 19584
   79 19507
  189 18695
  123 18069
  118 18244
  112 18886
   56 19005
   92 18215
  105 16403
  159 15090
   75 14573
   88 15141
  217 16195
   59 16949
  171 17962
  125 18600
   85 19235
  165 19406
  134 19136
  189 19480
   95 19911
  113 20792
  193 21130
  165 21127
  110 21310
  169 21704
  101 22075
  117 21816
  149 20904
  157 20023
  187 19974
   94 20582
  208 21852
  143 22647
   45 22831
   90 21898
  153 19973
  111 17998
  106 16618
  152 16590
   96 17196
  111 17859
  153 18087
  152 18245
  157 18831
  111 19752
  140 20722
  172 21190
  105 21176
   85 20795
  153 20132
  147 19427
  117 18941
  158 19052
  105 19514
  180 20171
   83 20318
  165 20399
  114 20143
  171 20108
  171 20410
   49 20664
  116 20858
   84 19743
  158 18323
   99 16785
  117 16367
  187 17027
   97 17983
   63 18857
   92 18592
  117 17548
  108 16051
  169 15304
  112 15769
   70 16943
   72 17627
  169 17316
   88 16357
   84 15705
  214 16028
  135 17034
   66 18451
  121 19299
   78 19112
  147 18093
   68 16623
  170 16063
  124 16243
  120 17194
  142 18295
  147 19064
  177 19972
  157 20747
   94 21679
  164 22211
   73 21825
  159 20903
  146 19726
  135 19267
  155 19634
  178 20486
   69 21348
   89 21344
  101 20282
  163 18566
  126 17207
  153 17140
  185 18467
  106 20164
   90 21386
  118 21204
   94 19925
   95 18087
  161 16688
  199 16573
  156 17917
   87 20025
  131 21683
  104 21774
  169 20748
  196 19756
  103 19822
  160 21001
  159 22061
  121 22555
  171 22397
   53 21738
  131 20975
   96 19516
  149 18212
  195 17587
   57 17872
   95 18864
   65 18705
  182 17852
  186 16768
  126 17087
  134 18935
  107 20691
   93 21324
  108 20157
  194 18701
  159 18070
  129 18895
  161 20580
  152 22011
  132 22687
   68 22251
  103 21079
  155 19421
  182 18211
   45 17821
  103 18166
  146 18322
  166 18092
  189 18252
   97 19201
   74 20636
  146 21033
  153 20252
  149 19197
  141 19014
  207 20181
  154 21819
  158 23388
  135 24263
  153 24381
  112 23730
  167 22697
   78 21534
  153 20620
   71 19633
   72 18471
  160 17264
  133 16270
  202 16695
  100 17960
   98 19868
  175 20914
   77 20659
  117 19785
  139 18623
  143 18191
  155 18358
  121 19040
  113 19916
   77 20008
   76 19148
   80 17260
   85 15117
   65 13379
   60 12214
  165 11891
  195 12580
   51 14308
  136 16646
  155 18387
  144 19305
   76 19360
   79 18997
   78 18118
  182 16830
  118 15880
  145 16132
  114 17449
  108 18827
   71 19174
  167 18472
  154 17712
   67 17439
  136 17938
   65 18008
  182 17881
  158 17481
  150 18071
  139 19524
  181 21227
   88 22345
  159 22437
   88 21714
   91 20448
  195 19263
   82 18269
  212 18548
  179 19494
   96 21217
  117 22410
   95 22232
  133 21011
  107 18988
  201 18017
  151 18236
   99 19556
  101 20772
  133 20838
   79 19778
  119 18164
  189 17206
   72 17056
   79 17570
  178 17907
  130 17960
   87 17961
  178 18288
  212 19226
   31 20182
  119 20860
  145 20490
   75 19291
  105 17829
   81 16466
  125 15772
   62 15070
  118 14756
  169 14751
   84 15257
  160 16510
  101 17556
  172 18696
   53 18986
  161 19054
  120 18703
  125 18396
   71 18212
  135 17864
  107 17502
   93 16839
  163 16656
   83 16596
  119 17074
   56 17010
  119 16636
  145 15895
   98 15460
  185 16114
  121 17290
  128 18974
   82 19788
  165 19914
  132 19405
  134 19022
  162 19346
  111 19906
   68 20319
   69 19539
  144 17980
  112 16173
  147 15445
  161 16130
   83 17628
  170 19207
  158 20023
  144 20613
  105 20937
  186 21351
   56 21239
  178 20822
   94 19982
   85 19131
  132 18340
  128 17521
  101 17192
   79 16816
  130 16798
  145 16597
   86 16578
  126 16856
   54 16927
  149 16850
  199 16643
  127 17151
  105 18583
  159 20109
  103 20906
  127 20586
  150 19834
  171 19512
   86 19709
  111 20072
  199 20239
   79 19903
  118 19676
  120 19213
  131 18857
   96 18305
   96 17710
  195 17560
  206 18014
  149 19658
  191 22048
   69 24003
  127 24592
   65 22943
  115 20232
   86 17400
  140 15608
  136 15261
  128 15903
  162 17431
   88 18670
  136 19618
  103 19528
  135 19068
   39 18097
  171 17309
   80 16543
  153 16322
  184 16867
   66 17838
  115 19057
   78 19008
  106 18204
  151 16736
  135 16034
  108 16486
  160 17643
   79 18706
  184 19305
  159 19542
  171 20242
  163 21457
   73 22512
  101 22763
  142 21460
  102 19580
  142 18021
   97 17369
  206 17887
   44 18423
   73 18754
  185 18360
   66 17346
  190 17037
   88 17014
  143 18089
  156 18921
  129 19577
   92 19952
   71 19523
   75 18533
  109 16593
  133 14926
  124 14253
   93 14836
   73 15831
  168 16520
   89 16508
  103 16456
  170 16680
   62 17038
  101 17374
   88 16929
  135 16324
  154 15820
   94 16027
  202 17317
   85 18600
  167 20005
  107 20443
  115 20415
   93 19789
  118 18704
  185 18032
   60 17501
  186 18090
  101 18571
  145 19298
  150 19642
  124 19871
  194 20488
  161 21099
  149 22275
  129 23035
  136 23367
   52 22543
  191 21089
   81 19359
   98 18188
  199 17803
  138 18086
  169 19336
   84 20437
  118 21349
  100 20829
   57 19210
  139 17285
  147 15773
  131 15735
   65 16423
  116 17340
  195 17808
   80 17795
  154 18200
  172 18895
   81 19792
  150 20355
  202 20521
   43 20538
  108 20320
   66 19308
   74 17528
   90 15206
  171 13629
  170 13766
  100 15409
   79 17714
   59 18680
  129 18030
  107 16199
   73 14717
  154 14414
   65 14780
  100 15399
  149 15598
   85 15699
  109 15945
  185 16404
   73 17089
   48 17474
   60 16950
  102 15441
   73 13403
   78 11891
  116 11549
  152 12268
  105 13740
  147 15533
  136 17279
  159 18809
   49 19576
  103 19510
  138 18586
   68 17159
  196 16413
   61 16167
  163 17087
   63 17591
  106 17761
  147 17319
  113 16699
  102 16776
   85 16766
  152 17076
  144 17034
  180 17619
   39 18468
  106 19257
  136 19035
   93 17864
   93 16654
  172 16068
  199 16809
   71 18124
   88 19570
  144 20006
   83 19228
  151 18017
  115 17086
  230 17641
  107 18959
  139 20789
   84 21756
   71 21244
  139 19606
  203 17732
  104 17276
  133 18191
   69 19439
  136 19798
  108 18874
  113 17608
  207 17239
   99 17738
   93 19009
  152 19687
   56 19442
  136 18507
  133 17305
  228 17321
  178 18613
   54 20794
  175 22752
   97 22823
  100 21667
  159 19765
  102 18462
  131 18156
  139 18225
  136 18725
  155 19212
   56 19522
   91 19396
  156 18465
   61 17157
  179 16409
  118 16347
  129 17352
  118 18346
  139 19056
  216 19711
  123 20299
   97 21359
  132 21807
   70 21222
  118 19632
   93 17547
  124 16195
  151 15765
   68 16080
  100 16687
  129 16787
   50 16382
  180 15892
   59 15440
   97 15602
  148 15748
   82 15853
   80 15924
  100 15575
  211 15717
  133 16172
  111 17649
  195 19587
   60 20839
  157 21314
  140 20605
  201 20294
   90 20389
   80 20807
  120 20709
   32 19086
   92 16865
  119 14402
  160 13420
  112 13879
   45 15258
  186 16734
  166 17476
  161 18420
  184 19868
  215 22170
  105 24356
   72 25215
  164 24472
  138 22396
  131 20525
  176 19691
  223 20467
  109 22042
  114 23483
  147 23834
   91 22790
  174 21256
  150 19942
  163 19944
  132 20723
  162 21818
  122 22404
  148 22338
   70 21673
  175 20752
  158 19948
  102 19613
   94 19692
  141 19578
  184 19425
   83 19059
  172 19420
  134 19931
   68 20319
  128 20016
  111 18931
  178 18144
  102 17729
  164 18452
  146 19480
  155 20575
  121 21332
   88 21349
  132 20879
  125 19694
   99 18585
  160 17902
  136 17949
  182 18816
  124 19947
   85 20945
  117 21088
  165 20309
   39 18989
  132 17817
   89 16844
  180 16465
  168 16740
  124 17949
  148 19854
  129 21189
  187 22020
  138 21985
   98 21977
   78 21542
   80 20253
  206 18573
   42 16834
  142 16448
  128 16668
  106 17270
  109 17586
  170 17660
  156 18223
   59 18740
  125 19348
  185 19308
  198 19429
   54 19849
  205 20985
   90 21649
   70 21414
  106 19990
  153 18130
  121 16975
  141 16751
  136 17717
   99 18719
  141 19437
  200 19670
  110 19944
  135 20596
  167 21303
  116 21640
   55 21205
   52 19750
  132 17644
   79 15249
   70 13610
   95 12886
  167 13156
  120 14069
  158 15624
   94 17406
  143 18939
  175 19813
  188 20379
  184 21483
  141 23010
   77 24277
   99 23960
   87 21883
  113 18939
  152 16608
  128 15838
  143 16671
  159 18233
  139 19824
   70 20641
  112 20507
  135 19485
  141 18293
   95 17590
  101 17521
  178 17879
  132 18212
  100 18691
  152 19201
   90 19453
  123 19302
  139 18690
  152 18375
  113 18521
   73 18830
  131 18882
  156 18342
   71 17715
   98 17285
   84 16834
   65 16039
   84 14726
  162 13640
   85 13376
  126 14200
  119 15502
  114 16648
   99 17231
   78 17085
  183 16883
   93 16587
  132 17019
   65 17362
  186 17802
  168 18086
  129 18713
  210 20270
   52 21570
   65 22190
   78 20610
  117 17922
  129 15318
  127 14179
  155 15088
  135 16877
  175 19020
  155 20624
  135 21826
   68 22222
  177 21862
  160 20939
   62 20010
   61 19253
  140 18240
  112 16982
  122 15910
  102 15684
  146 16335
   56 16962
   77 16970
   93 16082
  145 14951
  124 14445
  184 15189
  148 17173
  111 19439
  121 21037
   80 21047
  144 20035
   90 18380
  154 17417
  113 17115
  165 17718
  119 18621
  179 19645
  152 20689
  110 21428
  165 22009
   86 21735
  135 21168
   95 19924
  123 18831
  140 17978
  137 17693
  235 18563
   42 19694
   95 20932
  168 20866
  147 19994
  105 19121
   57 18523
  140 18398
  156 17805
  167 17619
   89 18019
  111 19024
   85 19483
  132 18835
  177 17824
   68 17213
  156 17754
  127 18399
  140 19078
  134 19356
  221 19966
  127 21012
  113 22136
  102 22657
  159 22055
  191 21075
  116 20404
  145 20854
  119 21430
   69 21418
  189 20524
   87 19145
   93 18314
   57 17470
  110 16566
   81 15218
   97 13929
   96 13376
  134 13496
   82 14194
  184 15205
  142 16483
  106 17960
   85 19096
  137 19344
  150 18921
  106 18229
  128 18172
  127 18417
  141 18861
   97 18945
   50 18557
   98 17601
  139 16209
   84 15013
  139 14696
  122 15292
  172 16647
  157 18175
  158 19850
   72 21144
  141 21618
   80 20842
  121 19266
  130 17736
  103 16835
  152 16949
  160 17553
  185 18931
   63 20164
   61 20852
  137 20141
  101 18241
  179 16722
  131 16364
  148 17752
  141 19544
   62 20593
  196 20774
  128 20067
   75 19626
   84 19033
  169 18409
  137 17786
  160 17715
  194 18918
  181 20968
  125 23153
  180 24570
  170 25035
  107 24690
   91 23761
   62 21988
  172 19849
  146 17840
  171 17373
  136 18441
   91 20153
  171 21362
  144 21303
  116 20900
   64 20192
  117 19437
  120 18235
  170 17181
   94 16882
  131 17528
  120 18419
  102 18759
  138 18584
   90 17970
  128 17673
  123 17386
  184 17678
  104 18265
  107 19124
  224 20050
  171 20810
  171 22098
  177 23589
  115 24948
  150 25333
  156 24522
  199 23569
  105 22879
  133 22854
  141 22693
   98 21905
   72 20528
   92 18635
   99 16807
  130 15329
   91 14649
  135 14916
  141 15801
   81 16772
  155 17607
  209 18336
  111 19362
   80 20410
   81 20692
  177 19971
  147 18640
  152 18174
  207 19267
  128 21241
   89 22950
  136 23141
  145 22099
   75 20405
  107 18895
  155 17922
  128 17507
  113 17664
   94 17999
  180 18450
   57 18391
  159 18346
   96 18014
   80 17723
   61 17028
  120 15843
  178 15040
   87 14814
  101 15840
  103 16800
  112 17271
  154 17061
   81 16699
  120 16893
  149 17240
  181 17942
  106 18761
  124 19760
  140 20506
   54 20243
  129 19277
  138 17844
  178 17285
  129 17736
  154 19218
  116 20714
  190 21654
  122 21912
  167 21975
  114 22024
  108 21847
  179 21446
  157 20824
  185 21046
   76 21549
  191 22461
  179 22763
  150 22902
  125 23078
  117 23046
   96 22526
   70 20778
  102 18538
  192 16625
   97 15911
  106 16540
  133 17595
  139 18402
  158 18831
  192 19402
  144 20660
  113 22063
  120 22831
  123 22331
   96 20850
   92 19053
  202 17895
   80 17422
  148 17961
  114 18584
   64 18856
  130 18428
   92 17228
  125 16374
  129 15858
   91 16145
  114 16625
  152 17003
  106 17327
  122 17623
  122 17969
  164 18400
  121 18786
  153 19390
  139 20071
  159 20757
  189 21507
  196 22436
  102 23550
  172 24439
  145 24539
  113 23813
  109 22537
   98 20961
  204 19797
   87 18891
  155 19055
  102 19372
  118 19675
  130 19426
  164 18919
  187 19181
   50 19734
   97 20453
  188 20174
   96 19255
  145 18593
   95 18360
  104 18610
   80 18201
  138 17316
  145 16531
  102 16353
   69 16857
  159 17264
  150 17457
   73 17482
  103 17632
  124 17592
  180 17576
   73 17470
  171 18039
   86 18608
  116 19001
  189 18994
  158 19019
   90 19720
  126 20398
  127 20684
  164 20223
   77 19477
  120 19008
  158 18753
   88 18489
  147 18420
  168 18489
  115 19095
  127 19776
  142 20253
  197 20652
  162 21106
  139 22050
  202 23279
  153 24251
  171 24941
   54 24669
  135 23740
  186 22096
   93 20434
  145 19691
  147 19581
  138 20134
  190 20669
  181 21479
   98 22489
  180 23360
  172 23706
  118 23516
  101 22929
   78 21824
  130 20241
  120 18288
  164 17166
  186 17413
  147 19054
  196 21444
  107 23227
  141 24130
  102 23535
  151 22218
  149 20798
   61 19684
  193 19424
   47 18899
   67 18360
  141 17124
   89 15800
  152 15230
  121 15340
  102 16491
   89 17316
   96 17469
   65 16651
   86 15223
   69 13833
  117 12853
  132 12667
   86 13256
  164 14626
   65 15861
  135 16929
   50 16925
  155 16583
  123 16062
   74 15874
  109 16180
  127 16248
  179 16678
   43 16852
   77 17269
   95 16888
  109 15828
   62 14446
   80 13368
  125 13103
   89 13141
  141 13758
  150 14725
   77 16089
   94 17203
  133 17524
   79 17073
  144 16461
  102 16118
   70 16186
   97 16121
  108 15657
  111 15093
  108 14736
  122 15079
  115 15743
  122 16508
  158 17250
  172 18156
  113 19314
   78 20259
  104 20315
  180 19482
  196 18722
  117 19029
  179 20670
  120 22325
   50 22817
   95 21520
   87 18901
  163 16514
  129 15193
   81 15541
  178 16864
  120 18084
  134 19065
  146 19527
  158 20091
   90 20480
  186 20754
  100 20720
  103 20432
  151 19962
   90 19201
  149 18715
   82 18094
  113 17874
   96 17327
   70 16585
   67 15547
  129 14374
  103 13684
  108 13635
  150 14489
   75 15587
   41 16297
   99 15926
   83 14647
   86 13217
   94 12350
  170 12671
  175 14103
  154 16513
  159 19377
   72 21490
  116 22211
   55 20845
  196 18828
  104 17058
   84 16622
  188 17294
  126 18115
  119 19104
  142 19566
  142 20055
   62 19956
  161 19554
  128 18889
  136 18523
   46 18328
  178 18312
  114 18055
   53 17598
  110 17122
   85 16207
   97 15382
  103 14413
  127 14204
  186 14873
  107 16292
   71 17923
  115 18708
  102 18324
  151 17341
   58 16333
  132 16180
  115 16251
   41 16164
  144 15862
  170 15501
   51 15748
  171 16527
  104 17352
  139 18145
   83 18290
  143 18284
   96 18004
   67 17399
  176 16999
  150 16672
   69 17145
  163 17940
  133 18696
  110 19145
  181 19387
  102 19623
  160 20154
  107 20349
  165 20564
  154 20556
  170 20893
  160 21726
  204 22835
   78 23825
  142 24082
  172 23476
  201 22662
   81 22216
  184 22447
  191 22981
   52 23004
   99 22462
   69 20639
  120 18421
   73 15898
  112 14364
  151 14062
   67 14563
  134 15629
   88 16118
  170 16654
  141 17049
  157 18053
  142 19507
   54 20495
  117 20640
  165 19497
  194 18642
  162 18913
  163 20716
  125 22853
  148 24016
   93 23621
   85 21986
  102 19830
  130 17792
  148 16606
   90 16345
  162 17149
  107 18016
  122 18728
   62 18623
  110 17926
  174 17074
  120 16553
  107 17048
   79 17698
  187 18349
  129 18371
  159 18711
  186 19732
   93 21062
  123 22101
   92 21684
   95 20316
  107 18286
  170 16842
  107 16436
   70 16830
  170 17584
  105 17811
  152 18050
  151 18356
  136 19220
  121 20147
  156 20723
  114 20851
  132 20553
   70 19952
  112 19029
  173 18046
  154 17566
  111 18097
   93 19034
  130 19697
   86 19188
  132 18120
  197 17419
  186 18025
   94 19755
  143 21618
  143 22512
   90 22024
   46 20439
  154 18512
  112 16815
  110 15925
  129 15974
   97 16532
  177 17407
   95 17887
  179 18675
  150 19432
   68 20208
  131 20511
  185 20085
   66 19494
  188 19213
  149 19462
   69 19989
  123 20150
   75 19353
   89 17975
   48 15908
  138 14350
  191 13695
   44 14203
  124 15740
  121 16826
   70 17204
  171 16884
   63 16328
  218 16789
  143 17646
   80 19140
  119 20164
   74 19905
  136 18879
  173 17383
  119 17102
  127 17908
   68 18875
  103 19095
  130 18073
   62 16608
  211 15947
   88 16056
   78 17070
  160 17816
  122 18046
  141 18211
   72 18102
  221 18711
  143 19254
   63 20017
  128 20434
   60 19707
   89 18233
  151 16181
  128 15116
  105 15325
  120 16388
  130 17528
  111 18009
  109 18036
  127 17856
  170 17895
  103 18217
   87 18673
   82 18622
   92 17736
  160 16464
  113 15541
  166 16027
   52 17099
  127 18196
   76 18046
   83 16944
  144 15704
   56 14673
  111 14585
   77 14390
   95 14374
   81 13967
  134 13735
  116 13968
  146 14791
  144 16281
  151 17955
   93 19394
   99 19979
  100 19521
  143 18359
  199 17627
  139 17998
  100 19500
  105 20783
   66 20687
   90 18994
  115 16595
  188 15160
  118 15288
  102 16804
  110 18378
  150 19093
  158 19102
  134 19056
   90 19476
   76 19652
  120 19048
   88 17498
  118 16018
  143 15342
  123 15746
  126 16831
  107 17833
  178 18676
  145 19200
  125 19875
  148 20605
   89 20918
  191 20950
  147 20576
   92 20542
   97 20467
  119 19933
  152 19022
  149 18144
  195 18540
  134 19932
  117 21692
  133 22598
   57 21960
  158 20446
  151 18711
  167 18203
  115 18814
   83 19882
  159 20485
  161 20114
  131 19782
  222 20196
  179 21658
  115 23517
   97 24510
   57 23744
  191 21635
   60 18828
  216 17506
   97 17433
  137 18695
   93 19672
  142 19771
  153 19481
   73 18755
   87 18492
   85 17596
  147 16681
  170 15910
   73 16084
  121 17161
   95 17896
  136 18014
   94 17333
   76 16629
   37 15845
  112 14731
  135 13613
   99 13020
  133 13733
   79 14998
   75 16077
   66 15894
   90 14778
  112 13467
   91 12719
  146 13135
  102 14169
  130 15638
  123 16804
  158 17769
  108 18481
  143 19086
  137 19576
   70 19586
  155 19365
  139 18774
  133 18616
  126 18798
  170 19479
  123 20193
   77 20455
  175 20376
   39 19445
  196 18721
  161 18158
  110 18629
  116 19590
  131 20187
  139 20310
  116 19624
   74 19027
  107 18260
  145 17491
  132 16914
  164 17111
  172 18322
  188 20361
  108 22257
  120 23368
  143 23216
   63 21828
  169 20179
  162 18837
  172 18909
   69 19725
  157 20781
  179 21234
  100 20997
  128 20791
  167 20565
   75 20431
  143 20034
  151 19501
  116 19195
  107 19118
  148 19163
   97 19060
  166 18901
   91 18735
  148 18835
   94 18817
  116 18659
  159 18410
  162 18339
  200 19315
  130 20810
  188 22846
  164 24213
   77 24618
   66 23680
   61 21227
  136 18180
  137 15443
  107 14435
   93 15009
  154 16314
  186 17609
  119 18659
  111 19783
   89 20380
  151 20211
  134 19263
  166 18670
  109 18885
  154 19797
  113 20512
   80 20394
  205 19909
   73 19083
  123 18877
   89 18456
  134 18103
   64 17290
   99 16327
  146 15725
  142 15520
   93 16178
  157 17188
  140 18340
   96 19073
   60 19090
   92 18199
  138 16789
  180 15736
  101 15890
   67 17012
  155 18165
   79 18199
  147 17647
   98 16916
  103 16826
   98 16845
   97 16572
   74 15987
  184 15413
  157 15655
  141 16940
  168 19074
  131 21065
   99 22176
   83 21730
  144 20358
  163 18795
   78 17911
  161 18092
   54 18323
  101 18263
  168 17495
   84 16669
   89 16447
   81 16232
   72 15870
  119 14875
  179 14244
  186 14974
  152 17238
   33 19866
  167 21437
  119 20988
  169 19843
   85 18891
  191 19126
  236 20332
   58 21586
  104 22717
  142 22413
  189 21527
  189 20614
  108 20835
  209 22351
   53 23302
  144 23380
   82 21720
  154 19832
  171 18557
  173 18543
  163 20099
   87 21669
  123 22717
  169 22202
  139 21152
  131 20392
  209 20634
  136 21570
  130 22606
  155 23135
   46 22643
  158 21456
   97 19556
  177 18374
  127 17972
  106 18573
  141 19449
   90 19543
  135 19288
  134 18491
  189 18475
  161 19217
  123 20661
  105 21922
  143 22137
  141 21434
   68 20120
  159 19172
   94 18385
   70 17816
   74 16865
  131 15728
   83 14685
  161 14341
  142 15059
  109 16507
  131 18121
   63 18794
   93 18482
   79 16981
  169 15618
  163 15110
  155 16232
  123 18464
  101 20386
   92 21012
   53 19712
  177 17767
  149 16194
  156 16388
  118 17893
  145 19813
  153 21101
   64 21094
  118 20403
  101 18970
  156 17829
   74 16918
  147 16838
  153 17294
   68 17800
  121 18223
   96 17862
  102 17286
  212 16783
   94 16972
   88 17965
  124 18702
  138 18830
  156 18476
  143 18404
  124 19196
  119 20067
  146 20568
  184 20593
  150 20719
   54 21066
   71 20937
   79 19448
  198 17279
  171 15827
  144 16564
  191 19208
  116 21945
  190 23819
  137 24085
  163 23928
  168 23644
  154 23593
  178 23866
   91 23773
  191 23733
  174 23255
  111 22971
  102 22648
  192 22204
  151 21727
  130 21380
  100 21358
  104 21106
  112 20218
   70 18531
  188 17158
  125 16514
  162 17356
  120 18769
  151 20246
   78 20870
  110 20400
  117 19254
  174 18080
  102 17676
  187 18282
  110 19418
   73 20228
  147 20234
   94 19169
  167 18288
  125 17736
  176 18466
  165 19762
   57 20942
  179 21650
  135 21212
  109 20647
  104 19860
   75 19058
  123 18107
   58 16576
  151 15522
  188 15194
   68 16016
  163 17665
   82 18736
  164 19382
  154 19232
  168 19510
  204 20689
  162 22386
  118 24200
   77 24568
  165 23682
  153 21769
  194 20537
  115 20551
  169 21707
  136 22766
  145 23056
  185 22882
  105 22450
  174 22516
  127 22329
  121 22151
  130 21542
   44 20420
  109 18996
  151 17229
  149 16294
  154 16591
  163 18209
   89 20135
   89 21060
  113 20496
  170 19071
  153 18048
  107 18179
  140 19236
  130 20106
  100 20262
  136 19709
  176 19207
  110 19168
   97 19490
  171 19826
   41 19485
  192 19005
  157 18475
  155 18961
  164 20242
  125 21674
   82 22512
  183 22080
   94 20975
  142 19897
  128 19289
  131 19234
  163 19507
  113 19737
  150 20247
  117 20369
   68 20189
  145 19422
  160 18463
  120 18073
  115 18319
  107 18882
  174 19284
   58 18997
  194 18870
  169 18963
  133 19833
  149 21079
   30 21541
   97 20983
   82 18615
   95 16004
   75 13805
   51 12635
  165 12546
   99 12765
  145 13924
  151 15506
  115 17428
   71 18772
  110 18890
  151 18216
  116 17261
   89 16944
   74 16897
  187 17001
  146 17027
   92 17489
  106 18273
  155 18896
  152 19129
  177 19329
  112 20046
  114 21001
   98 21261
  163 20588
  139 19515
  156 19107
  110 19563
  185 20494
   53 20919
  189 20884
  157 20471
   71 20163
   81 19898
  135 19036
  123 17990
   51 16628
   94 15822
  165 15340
   84 15213
  142 15650
  167 16569
  129 17990
   88 19216
  149 19839
   83 19602
  117 18782
  158 17966
  204 17941
  203 19307
  144 21677
  198 24420
   63 25752
  116 25432
   55 22970
  203 20098
  103 17799
  166 17316
  142 18355
  194 20053
  176 21927
  140 23225
  166 24366
   53 24238
  159 23384
  159 21569
  145 20297
  143 20029
   98 20422
  154 20978
  127 20693
   81 20061
  167 19334
   89 18685
  120 18393
  107 17940
  166 17817
  119 17904
  113 18301
  131 18873
  135 19098
   66 18961
  106 18282
  146 17467
  125 16843
   99 16793
  151 17279
  175 18183
   72 18965
  136 19584
  136 19619
   69 19169
  158 18515
   60 17613
  110 17044
   80 16178
  102 15431
  177 15034
   48 14998
  111 15735
   63 15830
  154 15747
  101 15202
   73 15002
   64 15094
  136 14906
  114 14654
  137 14599
  102 15355
  157 16657
   88 17780
   38 17997
  171 17483
   82 16310
  162 15888
  103 16004
  149 17118
  163 18394
   51 19149
  178 19685
  137 19414
  159 19615
   89 19750
  112 20028
   95 19727
  122 18625
  175 17704
   85 17209
  105 17697
  177 18266
  132 18755
  149 19284
  160 20029
  169 21172
  148 22199
  198 23143
  138 23831
  126 24204
  124 23963
   75 22730
  175 21078
  114 19349
  122 18595
  131 18502
  218 19187
  101 20090
   71 20798
  176 21065
  127 20436
  111 19726
  134 19106
  123 19036
  104 18990
  172 18912
  166 19069
  132 19728
  112 20693
  154 21364
  161 21464
  147 21296
  152 21421
   51 21461
  147 21194
  118 19998
  183 18948
  143 18658
   89 19344
  155 20392
  100 20487
  183 20274
  181 19959
   81 20414
  152 21242
   79 21257
  183 20783
  134 19750
  102 19374
   71 19262
   80 18623
  166 17554
  119 16212
  146 16186
  100 17026
  191 18564
  103 19608
  103 20074
   94 19823
   44 18603
  152 17049
  138 15441
   79 15039
   92 15428
  201 16383
  140 17354
  147 18557
  166 20129
  147 21649
   99 22513
  105 22205
   93 20908
  106 19003
  103 17200
  112 15969
  192 15854
  129 16707
  100 18244
  126 19484
   39 19542
  118 18432
   92 16420
   66 14744
   65 13556
   78 12769
  140 12415
   42 12124
  162 12740
   89 13547
  119 14776
  149 15881
   74 16635
  158 17431
  138 17747
  131 18403
  114 18875
   94 19197
  115 19018
  100 18102
   97 17098
   66 16008
  135 15309
  126 14931
  148 15277
   73 16137
  215 17524
  106 18700
  138 19747
  101 20254
  135 20221
  189 20040
  133 19823
  138 20479
  194 21378
   52 22073
  138 21989
   80 20697
   92 18944
   62 16850
  155 15256
  162 14756
  166 15583
  163 17884
  109 20294
  131 22046
  116 22105
  153 21241
   57 19839
  181 18976
  124 18474
  113 18513
  166 18953
  109 19348
  198 20129
   75 20387
  138 20789
  124 20467
  152 19997
   98 19480
  150 19171
  179 19492
   78 19766
  130 20203
  168 20138
   75 19838
  119 19315
   96 18517
   91 17655
  148 16752
   78 16084
  170 16221
  139 16800
   41 17669
  168 18247
  141 18201
  111 18234
  174 18486
   71 19026
  171 19702
  122 19710
  219 20084
   82 20480
  119 21204
  118 21367
  133 20543
   71 19287
  140 17961
  110 17264
  164 17118
   49 17305
   86 17375
  125 16957
   82 15934
  145 15259
  124 15093
   83 15877
   92 16535
   82 16547
  148 16023
   57 15172
  124 14939
  185 15265
  108 16208
  147 17715
   69 18775
  113 19293
   98 18484
   66 17025
  206 15965
   49 15413
  173 16247
  172 17319
   72 18625
  137 19594
  104 19551
  182 19434
  158 19094
  170 19876
  111 21135
  184 22410
  167 23149
  163 23360
  108 23467
   63 23004
   87 21636
  119 19136
  153 16844
   94 15611
  223 16372
  115 18097
  104 20040
  161 21146
  154 21302
   75 20934
   83 20019
  202 19261
  142 18586
  116 18788
   93 19371
  128 19815
  119 19455
  195 18820
  122 18729
  132 19550
  147 20678
   81 21049
  160 20738
  125 19797
   90 19156
  228 19058
   77 19301
   81 19818
   86 19422
  137 18365
   87 16794
   96 15552
  130 15290
  143 15578
  146 16553
  107 17602
   60 18448
   72 18259
  167 17153
  171 16052
   76 16018
  158 17313
  170 18916
  185 20407
   77 21301
  201 22125
   73 22245
  159 21895
  174 21178
   73 20496
  153 20415
  101 19932
  179 19806
  105 19327
   40 19080
  186 18766
   60 17781
  113 17051
  162 16365
  128 16621
   90 17378
   65 17782
  158 17811
  125 17079
   56 16540
  122 16301
  173 16395
   59 16606
  154 16982
   98 17277
  192 17904
  168 18681
  128 19935
  195 21626
  129 22830
  177 23787
  122 23715
   53 23101
  141 21737
  110 19700
  155 18168
   92 17264
   68 17282
   90 17135
  144 16408
   85 15517
  181 15316
  159 16313
  128 18165
  169 20183
   95 21381
  180 21964
   68 21392
  128 20636
   81 19307
   66 17783
  146 16381
  150 15348
  131 15708
  100 16763
  135 18213
  114 18896
   88 18715
  174 18251
  165 18086
   76 18601
  111 19259
  153 19478
   94 19043
   85 18216
   91 17286
  159 16598
  126 16234
   79 16417
  174 17159
   46 17608
   88 17631
  105 16650
  202 15871
  151 16011
  129 17494
  147 19797
   96 21240
  142 21577
  108 20539
  131 19477
  157 18819
   65 18599
  161 18765
   58 18369
  112 17856
  168 17079
   93 16667
  132 17057
  137 17619
  102 18366
  148 18667
  168 18933
  169 19606
   78 20421
   54 20843
  209 20364
  124 19136
  118 18506
  180 18828
   63 19646
  171 20353
   44 19759
  199 19135
  174 18552
  137 19128
  125 20507
   63 21263
   91 21006
  153 19101
  136 17356
  168 16830
  135 17875
  123 19669
  141 20920
  145 21249
  184 21217
  114 21200
   37 21207
  134 20557
  128 18986
  140 17484
  123 16824
  170 17593
  151 19081
   99 20356
  191 21261
   87 21296
   66 20869
  143 19706
   81 18109
  152 16924
  111 16262
   97 16594
  114 17032
  120 17220
   65 16966
  152 16485
  143 16342
  112 16712
  121 17537
   88 18155
  154 18427
   81 17953
  193 17824
  188 18262
   47 19359
  146 20554
   80 20426
  111 19457
   80 17554
  112 16070
  169 15480
  144 15838
  191 17564
  183 19830
   92 22185
  146 23542
  112 23292
  136 22067
  102 20375
  131 19180
  198 18832
  165 19323
  165 20840
  127 22429
   80 23354
  185 23025
  145 21753
  190 21060
  118 21202
  102 21978
  114 22113
  148 21147
  134 19872
  126 18966
  182 19224
  137 20016
   75 20810
  115 20839
  130 19971
  112 18689
  110 17607
  105 17117
   59 16797
  101 16215
  123 15309
   96 14575
  154 14676
  139 15595
  183 17349
   64 18950
  114 20041
  144 19986
   65 18943
  169 17967
   40 16937
  130 16681
  114 16196
  194 16309
  111 16983
   61 18010
   96 18769
   79 17933
   78 16246
  122 14296
   75 13297
   81 13188
   77 13326
   95 13309
  115 13131
   42 12946
  139 13196
  150 13655
   89 14592
  149 15891
  119 17125
  168 18390
   88 19021
  133 19481
  173 19639
   41 19388
  178 19267
  114 18713
  169 18823
  170 19277
   98 20218
  225 21582
   98 22218
   74 22514
  178 21766
  164 20790
   78 20059
  194 19922
   99 20228
  101 20400
  137 20015
   95 19141
  136 18351
  151 17818
  167 18257
  145 19246
  148 20688
   93 21673
   83 21543
  124 20310
  140 18550
  100 17272
  101 16823
  171 17155
  164 17861
  132 18925
   74 19904
  104 20279
  103 19461
   84 17732
   92 15955
  144 14908
  199 15198
  147 16679
  138 19067
  188 21465
   97 22898
  171 23309
  138 22752
  165 22291
   74 21782
  103 21164
  226 20483
  109 19739
   84 19777
   98 19693
   86 19133
  171 17910
  100 16639
  180 16763
   77 17600
   85 18640
  148 18756
  101 17939
   64 17060
  104 16116
   62 15331
   75 14282
  115 13263
   80 12623
   93 12637
  127 13138
  184 14250
   96 15672
   93 17284
   91 18199
   37 17696
   70 15921
  163 13789
  192 13039
  159 14428
   42 17187
   83 19439
  131 19567
  133 18049
   59 16288
  193 15807
  178 16694
   51 18132
  112 19307
  144 19404
   81 18703
  131 17640
  115 16944
  112 16877
  161 17219
   82 17625
  163 18202
   59 18295
  168 18421
  219 18526
   58 19038
  162 20240
  117 20779
  126 20936
   89 20000
  166 19118
  177 18809
   66 18949
  164 19745
  122 19973
  171 20232
  163 20347
  133 20925
  136 21777
  126 22099
  129 21887
  144 21035
  153 20438
  115 20214
  226 20705
   88 21318
  163 22122
  137 22367
   86 22026
  154 21249
   76 19874
  211 19223
  120 18805
   79 19297
  173 19828
   67 19665
  130 19218
   99 18035
  171 17541
   78 17290
  117 17532
  140 17840
  183 18106
  134 18845
  112 19767
  109 20657
  110 20542
   85 19472
  109 17826
   89 16375
  142 15596
   76 15335
  202 15883
   66 16627
  143 17699
  132 18400
  101 18635
  110 18588
   62 17821
  212 17439
   47 16736
  107 16821
  147 16853
   87 16867
  133 16971
  106 16798
  128 17152
   73 17105
  120 17049
   71 16462
  127 15788
   51 15069
  172 14754
   59 14695
  128 15079
  165 15760
   60 16357
  114 17079
  136 17117
  182 17456
  139 17953
  107 19138
  171 20485
   76 20953
  166 20853
   93 19919
  181 19459
  100 19240
  150 19511
   67 19630
  111 19173
  165 18472
  113 17629
  187 17955
   66 18592
   86 19442
   57 18835
  178 17397
   95 15800
  171 15482
  217 16975
  135 19422
  164 22223
  100 23674
  164 24051
  133 23023
   81 21659
  128 20373
   56 18891
   85 17444
  194 15995
  128 15498
  119 16360
  171 18058
  167 19952
  123 21263
   69 21655
  152 21290
  192 20392
  153 19947
  184 20649
   73 21890
  161 22970
   92 22483
  160 21244
  108 19812
   72 18831
  131 18293
  185 17748
  127 17871
  196 18823
  132 20535
  121 22147
  143 22791
   92 22180
  115 20905
   86 19160
  113 17742
  157 16727
   92 16411
  101 16750
  157 17218
  131 17716
  186 18428
   61 19159
  162 20079
  119 20228
   97 19827
  154 19187
   63 18360
   93 17848
  167 17056
   86 16552
   76 16305
   64 15969
  144 15543
   74 14675
   90 14134
  134 14138
   59 14362
  154 14922
  110 15213
  161 16090
   97 17038
   49 17804
  169 17997
  173 17551
   69 17502
  117 17830
  100 18190
  113 18006
  115 17189
  147 16648
  124 16822
   68 17367
  113 17769
   88 17253
  127 16424
  119 15678
   95 15593
   70 15842
  130 15927
  121 15753
  119 15639
  147 16152
  116 17103
  172 18385
  172 19561
  147 20841
  135 21983
   33 22263
  146 21481
  134 19529
  189 18153
   61 17775
  161 18654
  211 19869
  144 20867
   75 21768
  161 22121
   92 21758
  133 20558
  110 19136
  134 18230
   68 17781
  164 17616
  129 17553
   90 17590
  115 17855
  184 18076
  150 18581
  130 19355
  115 20390
   76 20761
   99 20043
   72 18124
  169 16295
  192 15581
   69 16419
  103 18081
   89 18883
  127 18510
  151 17317
  112 16668
   97 17022
  167 17821
  181 18750
  170 19788
  164 21317
  159 23059
  186 24473
   79 24796
  121 24154
   75 22321
  126 20062
  130 17921
  160 16857
  179 17437
  148 19087
   90 21005
  115 21828
  129 21328
  161 20074
   62 18863
  185 18547
  132 18705
   97 19144
   58 19127
  161 18541
   94 17557
   92 16559
  126 16153
  121 16108
   88 16387
  119 16483
  154 16714
   64 16815
  112 17009
  149 16978
  164 17171
   55 17527
  117 18026
   94 17981
  110 17264
  169 16530
  100 16291
   71 16886
  111 17256
   60 16839
  110 15670
  109 14412
  199 14319
  165 15580
   98 17909
  198 20479
   97 21875
  102 22187
   69 20938
  142 19202
   99 17377
  110 16185
  168 16147
  161 16941
   80 18344
   92 19260
   95 19176
   31 17674
  113 15528
   79 13409
  158 12593
  100 12966
  118 14433
  143 16123
   76 17197
  194 18025
  161 18458
  159 19646
  103 20916
   93 21741
  123 21397
  132 19894
  195 18786
   82 18439
  115 19186
  118 19623
  193 19629
  170 19595
  163 20357
   85 21759
  115 22555
  121 22012
  139 20353
  148 18972
  166 18700
  149 19675
  128 20953
  157 21952
  195 22426
  136 22709
  121 22990
  161 23116
   47 22456
  139 21154
  159 19435
  117 18360
  113 18176
  179 18720
  101 19444
  145 19918
   88 19934
  148 19658
   89 18995
   86 18159
  142 17402
  121 16740
  133 16820
   85 17066
  153 17709
  123 18027
  122 18274
  235 18916
  125 19959
   95 21462
   89 22010
  131 21345
   57 19336
  157 17276
  174 16300
  155 16890
  127 18717
  170 20686
  126 22038
  118 22284
  104 21671
  114 20449
   47 18846
  141 17224
   94 15797
  122 15135
  106 15200
  150 15871
  155 16959
  147 18180
  125 19585
   65 20295
  152 20291
   37 18944
  190 17599
  104 16508
  110 16577
  113 17170
   77 17419
  106 17251
   93 16179
  146 15568
   73 15152
  102 15421
  115 15661
  188 16033
  110 16711
  181 18071
  176 19938
   54 21376
  135 21970
   58 20806
  156 19112
  132 17288
  183 16964
  219 18375
  146 20865
  153 23685
   87 24906
  146 24646
  117 22760
  158 20856
  117 19664
   69 19167
  164 19065
  198 18860
  119 19214
   98 19981
  122 20708
  151 20692
  158 20066
  132 19686
  114 19942
   87 20224
   59 19621
  203 18309
  159 17181
  123 17505
  150 19030
  109 20594
  155 21397
   67 20782
  184 20016
  105 19141
  150 19025
  155 19362
   54 19623
  149 19813
   67 18877
  115 17841
  138 16604
  113 16137
   76 16291
  167 16686
  136 17257
  180 18051
  163 19415
   55 20786
  105 21438
  148 20597
  187 19361
   76 18467
  129 18756
  144 19351
   50 19275
  140 18601
  170 17628
   50 17221
   83 17094
  127 16788
  155 16375
  130 16207
  151 17029
   96 18389
  171 19672
  115 20197
  160 20311
  175 20528
   85 20896
  156 21400
   94 21074
  190 20692
   74 19875
  136 19547
  138 19310
   50 18794
   77 18000
   75 16296
  107 14693
   90 13215
  127 12881
   87 13387
  118 14388
  169 15528
   85 16428
  147 17486
   91 18070
  118 18377
  167 18236
  134 18207
  188 19012
  128 20187
  100 21500
  165 21963
  171 21734
   89 21261
  111 20789
   92 20137
  135 19096
  153 17987
   89 17406
  192 17906
  120 18789
  155 20011
  161 20871
  116 21480
  144 21823
   82 21360
  200 20885
  159 20291
  159 20680
   88 21459
   69 21755
   84 20736
  176 18538
  129 16749
   58 16126
   87 16526
  169 16820
  189 17001
  143 17668
  207 19675
   98 22010
   65 23400
  143 22803
  148 20822
  161 19184
  151 18814
  143 19932
  204 21560
  132 22835
  136 23597
  132 23557
  113 22891
   57 21416
  151 19545
  169 18043
  136 17587
  158 18514
  147 20073
  129 21511
  116 21948
  177 21727
  108 21098
  136 20710
  108 20347
   96 19806
  150 19081
  144 18360
  222 18706
  105 19812
  135 21586
  121 22507
  152 22337
  144 21463
   75 20397
  183 20037
   86 19544
   76 19149
   75 18042
   95 16537
  133 15106
  119 14227
  183 14929
   64 16310
  126 17994
  131 18669
   78 18383
   62 17454
  141 16268
  153 15610
  158 15796
  137 17197
   78 18912
  134 20052
   90 19713
  222 18978
  157 18683
   46 19460
  158 20551
  115 20562
  125 19898
   80 18580
   96 17673
  119 16918
   63 16005
  107 15280
  120 14609
  100 14563
  133 14959
  132 15729
  135 16836
  113 17830
  144 18685
  177 19344
  121 19936
  116 20570
  156 20928
   98 20792
  156 20363
  141 19859
   94 19664
  141 19629
  133 19458
  188 19563
   73 19652
  170 20238
  166 20660
  157 21137
  183 21888
  143 22730
  116 23615
  125 23509
  128 22593
  138 21142
  100 19849
  125 19100
  223 19025
  105 19477
   57 20199
  103 20221
  131 19214
  186 17874
  122 17236
  164 18303
  149 20071
   57 21327
  208 21599
  156 20993
  141 20948
  127 21291
  161 21938
  186 22429
   71 22277
   85 21863
  162 20732
   81 19244
  178 18128
  124 17706
   58 18153
  170 18636
  125 18567
  131 18532
  111 18453
  107 18715
  112 18653
  112 18092
   72 17299
  156 16581
   59 16055
   68 15664
   84 14951
  200 14410
  147 14618
  145 16147
  120 18583
  118 20487
  158 21256
  104 20683
  109 19915
  105 19040
  156 18487
   67 17853
  127 17456
   58 16910
  135 16342
   84 15598
  101 15044
   88 14829
   92 14637
  143 14745
   46 14578
  121 14804
   89 14696
  103 14691
  153 14782
   63 15037
   94 15634
  121 15752
   80 15593
   98 15132
  135 14849
   97 15010
  114 15452
  134 16079
   78 16552
  164 16987
   68 17059
  182 17406
  171 17902
  155 19124
  119 20683
  177 21993
  206 23029
  144 23520
   83 23929
  171 23821
   72 22788
  124 21103
   90 19064
  188 17821
   71 17301
   96 17396
  193 17799
   94 17924
  142 18475
  147 18859
  117 19544
  172 20052
   75 20165
  132 20154
  129 19556
  159 19139
  201 19267
  125 20168
  108 21637
  154 22386
   59 21919
  174 20625
  120 19124
  115 18496
  134 18484
   63 18486
  190 18530
   68 17917
   76 17579
  171 17108
  102 16775
  110 16877
   99 16896
  100 17096
   74 16638
  120 15880
  119 15190
  198 15339
  129 16591
   85 18410
   90 19671
  100 19434
   73 17876
  116 15867
  184 14878
   78 15088
  136 16426
   93 17539
  172 18288
   55 18169
   79 17684
  108 16837
  141 15822
  159 15544
   85 15942
   91 17148
   69 17561
   77 16844
  118 15204
   82 13706
   61 13073
  131 13093
  136 13558
   93 14291
  205 15638
  131 17368
   35 18958
  123 19535
  101 18660
  184 17452
  108 16644
  219 17655
   87 19385
  137 21136
  153 21853
  138 21529
  101 21008
   50 19957
   97 18752
   86 16701
   60 14665
  111 13105
  126 12572
  170 13360
  112 14966
  149 17168
   62 18739
  127 19287
  119 18630
  160 17761
  149 17666
  151 18542
  167 20206
   77 21340
   91 21599
   99 20346
  183 18694
   78 17278
  134 17040
  168 17685
  168 18787
   98 19943
  144 20762
   68 20892
  174 20276
   94 19144
  174 18520
   86 18458
   75 18614
  186 18648
  144 18233
   62 18274
  155 18452
  156 18857
   79 18961
  144 18934
   82 18627
  132 18297
  160 17864
  204 18187
   96 19280
  119 20750
  149 21660
  113 21327
  180 20659
  116 20049
  179 20459
  172 21235
  131 22216
  122 22842
  133 22717
  112 21983
  133 20715
  189 19877
   99 19629
  135 20096
   46 20111
  124 19416
  155 17983
   77 16697
  158 16530
   68 16745
  104 17262
  138 17037
   64 16477
  130 16080
   94 15668
  163 15946
  150 16472
   94 17539
  114 18642
   77 18834
   43 17965
  164 16251
  134 14875
   47 14554
   85 14961
  105 15202
  205 15283
  134 15599
  203 17444
  115 20011
   90 22174
  123 22630
   90 21128
   71 18912
   49 16387
  163 14699
  129 13786
   37 13937
  156 14848
  145 15742
  110 16671
   62 17132
  144 17429
  146 17392
  132 17373
  193 18124
   97 19314
  118 20697
  119 20993
  149 20462
  124 19562
  121 19024
   83 18882
  111 18526
  109 17798
  150 16983
  212 17078
   79 18113
  131 19833
  138 20796
  165 20987
  174 20802
   75 20778
  144 21199
  152 21075
  110 20635
  172 20136
   94 19877
  108 19964
  130 19582
   75 18754
  151 17850
  102 17041
  156 17109
  133 17560
  157 18593
  184 19912
  134 21157
   95 22176
  177 22397
   52 21664
   99 20247
   70 18202
  141 16384
  129 15193
  115 15083
  186 16330
   80 17753
   59 18903
   92 18507
  183 17342
  160 16408
   71 16605
   62 17629
  103 17921
  159 17191
  106 15993
  177 15992
   54 16940
  156 18310
   62 18551
   94 17844
  125 16651
  127 15668
  214 16065
  134 17363
  117 19712
   95 21229
  104 21364
  167 20199
   86 18582
  169 18038
   49 17903
  129 18139
  179 17962
  116 17819
   76 18148
  168 18553
  146 19019
   71 18983
   56 18586
  148 17723
   87 16478
   45 15212
  191 14614
   87 14591
   57 15191
   72 15346
   35 14642
   92 13147
  125 11512
  119 11147
  149 12299
   72 14396
  169 16569
  100 17709
   94 18158
   64 17731
  180 17048
  169 16717
  171 17400
   82 19127
  129 20769
   61 21046
  164 19856
  137 18238
   98 17374
  183 17876
   54 18497
  117 19029
   89 18301
   86 17145
  239 16326
   62 16208
  106 17398
  145 18297
  119 18786
  106 18552
  160 18183
  171 18580
  114 19303
  129 20342
  154 20926
   60 20751
  155 20071
  130 19044
  115 18448
   70 18074
  106 17693
   86 16907
  195 16102
   98 15921
  151 16833
  101 18170
  110 19091
   77 18950
  115 17836
  202 17018
  145 16966
  195 18664
  103 20804
   54 22364
  174 22217
   79 20395
   93 18431
   49 16534
  184 15617
  150 15291
   83 15839
  133 17169
   96 18068
  148 18551
   89 18030
  184 17901
  138 18202
  171 19326
   54 20384
  102 20664
   47 19528
  112 17226
  162 15138
  137 14312
  184 15718
  143 18136
   99 20650
  106 21683
  137 21230
  210 20254
   99 19642
  154 20243
  152 21139
  139 21829
  135 21928
  134 21578
  172 21443
   53 20986
  116 20461
  171 19456
  172 18816
  132 19061
  163 20219
   80 21462
  126 21754
  154 20974
  150 19908
  141 19565
  121 19930
  113 20527
  160 20597
  119 20231
  164 19981
   64 19798
  136 19739
  117 19162
  189 18659
  185 18901
   65 19851
  152 21241
  193 21750
  121 21773
  105 21436
  163 21268
   71 20861
   80 19840
   67 18064
  110 16049
   78 14260
  156 13459
  134 13880
   38 14971
  150 16236
  133 16680
   72 16758
   90 16475
   93 16056
   99 15474
  129 14814
  189 14997
   93 16039
  107 17714
  123 18864
  164 19180
  140 19072
   83 19041
  104 19217
  128 18902
  112 18170
   87 17210
  118 16615
   77 16215
  171 16104
  112 16147
  129 16796
  105 17642
   84 18132
  208 18330
  127 18220
  113 18855
  135 19620
  104 20127
  124 19907
  162 19175
   98 18743
  151 18821
   56 18882
  140 18735
  157 18128
  141 17876
  118 18352
  168 19315
   48 20066
   72 19699
   91 18121
  162 16154
   79 14795
  150 14828
  137 15973
   85 17259
  104 18077
   81 17738
  121 16950
   70 15724
  131 15048
  128 14870
   83 15250
   63 15695
   87 15511
  151 14996
  122 14491
  139 15030
   87 16241
   53 17276
  125 17256
  120 16199
  165 15528
  118 15835
  103 17208
  101 18389
  105 18541
  130 17884
   41 16695
  157 16025
  103 15544
  162 15872
  132 16693
  137 18027
  112 19339
  137 19936
   94 19880
  131 19199
  199 18841
  167 19157
  155 20566
  157 22325
  101 23558
   79 23324
  148 21760
  124 19694
  159 18397
   89 18111
  153 18718
  111 19179
   79 19097
  113 18458
  210 17776
  145 17914
   87 18833
  159 20206
   86 20714
  125 20317
   96 18995
  143 17934
   75 17189
  171 17079
  172 17534
  144 18571
  139 20175
  107 21333
  108 21682
  156 20869
  138 19836
  112 19205
  170 19369
   94 19752
  221 20386
  170 21024
  111 22065
  116 22902
   63 22551
  143 21115
  106 18711
  101 17036
  187 16526
  130 17166
  138 18620
  102 19724
  146 20405
  115 20185
  113 19540
  168 19093
   33 18573
  133 18306
  109 17446
   65 16516
  105 15585
   94 14782
  148 14654
  172 15047
   54 16211
  110 17457
  145 18000
  149 18018
  171 18125
   91 18817
   87 19797
   98 19752
  116 18628
  144 17113
  158 16473
  174 17419
   77 19044
  130 20486
  153 20769
   76 20066
   87 18945
   79 17527
  155 16399
   54 15286
  118 14895
   64 14677
  201 14951
  105 15451
  176 16703
   83 18297
  152 19640
  163 20370
   81 20179
  176 20205
  132 19982
  146 20364
   68 20293
  114 19983
   97 18932
  123 17518
   86 16371
  106 15685
  197 15940
  166 16849
   73 18432
  167 20010
  145 20925
  104 20998
  108 20403
  120 19589
  121 18805
  154 18197
   88 17985
  133 18160
  142 18426
  193 18926
  158 19794
  125 21103
  128 22349
  173 22785
  164 22615
   96 22113
  158 21911
  122 21574
   57 20843
  146 19642
  146 18341
   72 17534
   70 17026
  165 16749
  132 16492
   92 16535
   60 16770
  145 16896
   97 16497
   57 15745
  166 15287
  111 15221
  117 15899
  162 16814
  118 17928
  106 18864
   82 19031
  222 18963
  137 18776
   52 19156
  185 19839
  157 20148
  154 20509
   85 20588
  161 20974
  143 21000
  111 20664
  124 20241
  163 19852
  120 19833
   78 19664
  126 19333
   91 18452
   82 17309
   50 15847
   77 14378
  130 13142
   65 12332
  195 12774
  121 14085
   97 16198
   72 17691
   79 17842
  150 16935
  161 15790
   96 15857
   66 16675
  105 17413
  197 17422
  126 17142
  107 17611
  175 18848
  136 20102
   80 20698
   72 20170
   99 18809
  181 17219
  112 16191
  199 16811
  144 18588
   66 20588
  170 21647
   59 20956
  166 19805
   57 18155
  124 17290
  194 16957
  134 17325
  131 18674
  125 19887
  132 20903
  119 20761
  174 20302
  177 20168
  114 20697
  154 21695
  198 22483
  128 22938
   77 22895
  205 22582
   66 21659
  144 20717
  143 19730
  165 19443
  159 19892
  158 20841
  131 22079
  125 22605
  127 22478
  169 21678
  117 20893
  130 20524
  160 20518
  195 20873
   80 21307
  179 21872
  188 22300
   85 22449
  144 22417
  115 21771
  163 21129
   92 20153
  156 19706
  143 19568
   96 19613
   45 19370
  138 18374
   47 16751
  125 15123
  113 14089
  137 14168
  196 15475
  148 17472
  166 20081
  164 22183
  116 23559
  116 23628
  132 22640
  105 21134
  128 19644
  157 18753
  165 18750
   79 19299
  125 19936
  142 19979
  115 19466
  114 18843
  140 18464
  102 18409
   85 18216
  114 17741
  124 17015
   97 16412
  108 16148
  117 16190
   96 16280
  136 16399
   78 16363
  116 16402
   81 16163
  127 15892
  152 15773
   62 15911
  116 16460
   82 16485
  157 16399
   56 15858
  130 15731
  129 15854
  111 16174
   76 16558
  101 16509
  116 16286
   82 15612
  217 15613
  181 16504
  145 18790
  121 21331
   94 22831
  155 22730
  108 21143
  120 19626
   92 18463
  167 18096
  148 18135
   76 18399
  134 18870
  187 19138
  144 19545
   90 19975
   75 20238
   70 19538
  173 17950
   97 16204
  140 15705
  195 16678
   54 18246
  153 19658
   66 19621
  182 19167
   73 18107
  105 17542
  133 17302
  110 17033
  153 17263
  175 17651
  134 18952
  127 20310
   92 21160
  113 20914
   64 19437
  166 17765
  110 16485
   87 16196
  138 16603
  162 17187
  106 17886
   92 18338
  125 18613
  180 18566
  135 18611
  141 19208
  216 20521
   88 21832
   70 22488
  138 21765
  149 20203
  109 18678
   59 17697
  109 17297
   81 16521
   98 15462
  137 14526
   64 14189
   56 14372
   47 14019
   83 12988
  142 11744
  126 11421
  107 12626
  169 14863
  127 17186
   65 18665
  190 19285
   29 18840
  149 18235
   97 17202
  115 16620
   55 16115
   82 15492
  140 14960
   98 14231
   77 14277
   84 14401
  147 14783
   87 14866
  157 15279
  196 16358
  113 18101
   66 19807
  192 20662
  128 20529
  113 20006
  128 19645
  159 19667
  111 19790
   96 19653
  178 19526
   99 19180
   55 18859
  133 18178
  158 17389
  144 17079
   90 17425
  134 18385
  171 19191
   55 19344
  161 19223
  104 18703
   61 18207
  168 17591
  119 16990
  158 17239
  149 18005
  179 19629
  145 21219
   57 22116
  140 22071
  148 20810
  128 19551
  155 18923
  146 19317
   77 20083
   81 20128
  147 19255
   87 17722
  156 16737
  102 16504
