  233   932
  103  3208
  151  7665
  166 12973
   94 17567
  176 20443
  181 21335
  193 22127
   85 22735
  141 23493
  128 23237
  126 22030
  139 20653
  163 19781
  132 19912
  148 20493
  131 21118
  157 21429
  113 21378
   72 20867
  133 19949
   93 18527
   85 17160
  108 15980
   61 15133
   89 14481
   82 13692
  159 13364
  101 13554
   65 14422
   94 15264
   79 15271
  136 14801
  130 14294
   78 14627
   73 15322
  115 15693
   83 15333
  179 14919
  149 15265
  148 16868
  113 18924
   90 20315
  101 20338
   35 18681
   75 16351
   75 13766
  155 12217
  213 12384
   65 14238
   79 16940
   53 18212
  132 17666
  105 15710
  102 14257
  204 14562
  111 16033
  165 18382
  131 20104
  162 21393
   54 21563
  147 20981
  183 20081
  167 19582
   92 20063
   72 20605
  204 20851
  156 20233
  107 19935
  164 20260
  136 20999
  140 21566
   62 21178
  108 20239
   47 18426
  138 16480
  109 14835
   74 14098
  200 14707
   71 15651
  114 16976
  174 17724
  109 18298
   93 18644
   99 18500
  160 18277
   83 17597
  166 17457
  134 17738
  150 18647
  125 19676
  148 20433
   65 20603
  182 20232
  126 19617
  123 19257
  213 19676
   93 20376
  102 21237
  156 21191
   95 20521
  169 19651
  104 18964
  164 19181
   63 19292
  120 19273
  167 18784
  122 18218
  126 18389
  154 18895
  143 19808
   58 20097
  140 19885
  158 19142
   92 18448
   46 17897
  161 17410
   78 16662
  153 16127
  183 16312
  108 17465
  157 19298
  103 20486
  179 21176
  133 20988
   52 20627
  205 20310
   66 19523
  115 19006
   61 17897
  186 17177
  175 16892
   51 17256
  102 18280
  127 18450
   75 17900
  153 16740
  108 16048
  119 16327
  101 16887
  144 17444
   87 17552
  116 17424
  122 17268
  109 17039
   91 16912
  132 16744
   98 16625
  124 16562
  120 16653
   98 16823
  140 17112
   90 17184
  173 17488
  195 18078
  146 19455
  162 21373
  184 23164
  189 24573
  114 25107
   60 24779
  186 23578
  132 21690
   64 19987
  148 18878
  181 18536
   93 18734
   83 18953
   60 18675
   93 17479
  104 15573
  112 13972
  127 13569
  165 14550
  170 16556
   99 18643
  132 20314
   90 20744
  181 20347
   91 19378
  143 18912
   91 18737
  159 18781
   70 18552
   88 17930
  165 17357
  158 16953
   72 17320
  103 17850
  180 18414
  123 18508
  149 18804
  222 19729
   47 20950
  166 22050
   69 21704
  160 20685
   79 19033
   97 17761
  105 16947
   83 16048
  155 15717
  103 15386
  121 16000
  119 16700
  180 17668
  171 18726
   64 19735
   54 20306
  156 19645
   98 18016
  126 16503
  207 16302
  141 17636
  151 19891
  185 21937
   67 23045
  175 23136
  141 22276
  190 21690
  177 21742
  100 22517
  126 23302
  102 22791
  108 21366
   54 19015
  162 17132
  127 16000
   66 15808
  173 16431
  139 17162
  102 18093
  154 18776
  180 19548
   36 19973
   94 19827
  108 18726
   78 16932
  119 15288
  134 14458
  203 15221
  114 16912
  118 19139
  131 20591
  100 20790
   99 19918
  130 18496
  202 17827
   69 17863
  142 18776
  152 19524
   56 19650
   58 18884
  190 17521
  139 16544
  122 16562
   68 17435
  118 18254
   84 17996
   76 16709
  144 15390
  153 14828
  131 15654
   87 17013
   77 18105
  168 18275
   99 17606
  209 17487
  182 18400
  159 20616
  163 23054
  115 24484
  144 24710
  184 23741
  111 22699
   89 21805
   96 20846
  172 19727
  210 18892
  136 19213
  117 20755
  162 22352
  105 22861
  129 22126
  115 20727
  107 19508
   58 18345
  120 17184
  190 16331
   38 15885
  180 16549
  166 17508
  140 18928
  122 20152
  178 21150
  101 21710
   91 21396
  114 20485
  189 19279
   70 18400
   77 17992
  137 17723
  134 17257
  155 17108
  114 17416
  163 18630
   84 19597
  132 20059
  174 19829
   55 19252
   92 18785
  170 18075
  108 17518
   77 17122
   91 16887
  114 16581
  113 15959
   72 15314
  153 15172
  133 15517
   93 16333
   90 17008
  165 17401
   69 17331
  147 17212
  149 17288
   70 17597
   69 17762
   85 17047
   86 15698
   53 13860
  108 12580
   96 11980
  169 12487
  101 13752
   62 15318
  178 16671
   77 17082
  180 17445
   61 17426
   97 17728
   93 17397
   75 16344
   99 15129
   91 13880
  125 13656
   91 13788
  136 14600
  153 15610
  176 17047
  128 18780
   88 20253
   95 20814
   97 19885
  123 18155
   51 16251
  119 15131
  133 14658
   73 14696
   95 14980
  111 15116
  133 15322
  122 15528
  127 16198
  112 17101
   52 17604
  105 17347
  148 16368
  124 15644
   56 15562
   88 15878
  160 16041
  113 15860
  103 15960
  187 16721
  154 18085
  149 19743
  201 21399
   81 22626
  135 23202
  139 22607
  200 21752
  183 21380
  182 22273
  142 24004
   80 25015
  190 24888
   74 23123
  172 21420
   76 19864
  104 19036
  135 18330
  122 17590
   64 17163
  138 16756
  166 16858
   53 16905
  160 17380
  131 17709
  104 18140
  137 18375
  144 18583
  117 18911
   43 18777
  195 18587
   64 17742
  139 17299
  107 16989
   46 16804
   84 16324
   27 14742
  195 13429
   75 12334
  139 13095
  151 14775
   75 16634
   89 17842
  127 17634
  124 17084
   62 16230
  135 15971
  156 16057
  129 16630
   99 17522
  148 18445
  190 19316
   57 19728
  153 20081
  103 19812
  179 19579
   89 19141
   94 18920
  175 18910
   91 18565
   88 18364
   97 17650
  139 17098
   46 16222
  152 15676
  202 15798
   76 16663
  158 18317
  154 19654
   89 20514
  141 20496
  120 19937
  136 19441
  179 19218
  178 19839
  185 21264
   90 22788
  127 23755
  206 23527
  123 22631
   64 21737
  147 20935
   88 19897
  136 18667
   88 17413
  211 17190
  105 17703
  135 18911
   92 19823
  164 20063
   95 19683
   93 18839
  113 18126
   72 17115
   87 16173
   85 14899
  198 14398
  126 14732
  182 16566
  169 19123
  144 21627
  152 23351
  151 23828
  125 23608
  136 22796
  168 22087
  154 21620
  114 21553
  132 21627
  183 21618
   63 21192
  140 20665
  127 19843
  145 19252
   52 18640
  180 18346
  116 18160
   95 18077
  127 18145
  136 18055
   87 18033
  168 17932
  137 18168
  117 18673
   79 19119
   52 18766
  153 17635
  175 16289
  118 16092
  115 17148
   94 18574
  128 19242
  154 18843
  149 18412
  154 18793
  118 19835
  103 20768
   51 20454
   80 18840
  147 16591
   79 14710
   99 14080
   97 14252
  134 14883
  174 15620
  101 16565
  127 17935
  108 18882
  133 19263
   72 18682
  124 17824
   83 16897
   62 15942
  116 15076
  175 14508
   26 14530
  137 15138
  172 15918
   62 16547
   77 16909
   85 16534
  161 15982
  130 15351
  107 15683
  191 17019
  114 18614
  163 20206
  117 20928
  127 21236
   75 20746
   77 19473
  145 17882
  153 16482
  106 16284
  119 16988
  113 17995
  169 18662
  141 18940
  126 19375
  177 20192
  142 21059
  151 21868
  188 22421
  147 22983
  168 23599
   92 23763
  179 23597
   95 22618
  125 21490
  169 20481
  116 19837
  141 19912
  122 19967
   70 19940
  172 19421
  147 18772
  103 18597
  175 19045
  128 19811
   81 20363
  185 20383
  136 20118
  177 20270
   84 20616
   89 20964
  139 20475
  159 19347
   67 18330
   95 17679
  163 17540
  158 17526
   72 17766
  174 18421
  147 19205
  159 20053
  137 20781
   79 21197
  135 21163
  152 20318
  106 19402
  145 18849
   80 18723
   97 18616
   54 17650
   90 16097
  169 14629
   87 13924
  180 14850
  114 16431
  111 18302
  177 19489
  109 19894
  167 20271
  107 20307
   73 20338
  148 19740
  101 18614
   66 17487
  148 16538
  126 16173
  155 16514
  152 17487
  137 19017
  128 20406
   97 20977
  106 20593
  161 19515
  148 18693
   56 18379
  173 18651
  123 18800
   96 18806
   76 18373
   65 17456
  142 16283
  124 15048
  180 15120
  120 16322
  106 18329
  144 19818
  104 20058
  103 19500
  106 18416
  195 17869
  188 18132
  107 19417
  165 21277
   94 22355
  153 22454
  134 21434
  198 20742
   87 20633
  113 20962
  113 20884
  129 19949
  105 18763
  134 17792
  191 17886
  195 18907
  150 20874
  146 22934
  166 24416
  121 24659
  133 23901
   85 22423
   85 20673
   69 18559
  192 16734
  109 15686
  120 16029
  162 17364
  148 18855
  150 20180
   66 20657
   95 20538
  185 19588
  120 18543
   89 18069
  145 18210
   36 18246
   66 17456
  172 15936
   73 14565
  122 14305
   97 14765
  197 15994
  138 17207
   56 18404
  125 19232
  135 19011
  145 18498
  195 18251
  112 19097
   73 20380
  109 20771
  113 19768
  123 18018
   98 16601
  156 16372
  133 16927
   44 17611
   95 17736
   54 16660
   84 14945
   51 12877
  175 11798
   86 11846
  118 13135
  180 15098
   76 16787
  136 18215
  147 18706
  103 18962
  176 19083
   92 19209
  116 19500
  162 19437
   64 19095
  129 18630
  119 17900
  125 17545
  103 17259
   70 17081
   87 16700
  135 15865
  148 15338
  206 15864
   39 17362
   93 19039
   83 19158
  146 17903
  104 16197
   99 15317
  227 16099
  102 17454
  146 19403
  153 20682
  126 21483
   76 21352
  133 20430
  165 19424
  164 18814
   95 19149
   77 19704
  178 19938
  134 19428
  179 19234
  133 19703
  144 20976
   89 21805
  150 21670
  157 20866
  103 19977
  123 19691
  187 19722
   62 19801
  172 19872
  127 19721
   85 19569
  159 19350
  183 19217
  180 19891
   85 20858
   83 21817
  189 21722
  139 20732
  163 20089
  142 20264
   64 21002
  172 21335
  139 20665
   68 19743
  155 18997
   66 18354
  117 17809
  112 16879
  164 16495
  140 16797
   87 17696
  120 18745
  139 18975
  124 18794
   63 18169
   79 17489
  106 16493
   68 15140
   71 13826
  194 13237
  140 13806
   76 15410
  157 17338
  118 18627
  101 19063
   43 18368
  181 17471
   53 16302
  130 15715
  123 15562
   94 15817
  194 16646
   67 17217
  134 18178
  184 18658
   38 18930
  110 18800
   46 17645
  141 16344
   54 14566
  158 13803
   60 13786
  123 14414
  113 15153
  105 15489
  136 16013
  132 16421
  156 17447
  133 18439
  152 19689
  108 20485
  119 20750
  177 20554
  125 20164
  213 20515
   56 21025
  136 21688
  125 21309
   85 20111
  102 18614
  169 17355
  189 17398
   89 18188
   82 19504
   86 19795
   85 18663
   84 16481
  127 14522
  110 13752
  169 14407
  111 15881
   76 17383
   85 18036
  161 17694
  169 17144
  111 17214
  131 18353
  189 19804
  145 20992
  152 21798
  125 22276
  157 22567
   91 22212
  108 21284
  180 20175
   54 19037
  156 18571
   95 18053
  151 18020
   81 17811
  122 17711
  127 17629
  174 17621
  173 18396
  143 19681
  196 21685
   78 23000
  172 23630
   68 22733
  149 21375
  156 19920
  139 19187
  195 19746
  130 20781
  139 22250
   61 22478
   66 21464
   94 19006
  170 16404
  213 15375
  155 16579
  124 19595
  108 22203
   46 22734
   68 20751
   83 17297
   52 13952
  149 11979
   93 11536
  121 12599
  177 14394
  146 16529
  105 18554
  126 19867
  145 20436
  132 20201
  100 19721
   86 19143
   93 18316
  181 17435
  155 16985
   78 17447
  104 18421
   84 18715
   61 17759
  148 16031
  116 14691
   93 14550
   58 15014
  106 15370
  105 15016
   56 14188
  166 13846
  137 14144
   55 15206
  180 16482
  102 17329
   86 17838
  157 17841
  152 17913
  188 18601
  111 19692
  174 21328
  131 22312
   88 22468
  131 21697
  101 20185
  215 19227
  128 18870
  172 19955
  149 21459
  112 22647
   73 22672
  186 21518
  158 20259
   91 19501
  138 19676
   82 19720
  143 19446
  135 18566
  156 18214
  139 18627
  147 19678
  103 20656
   64 20616
  198 19951
   63 18615
  181 18075
   96 17934
  159 18611
  147 19322
  135 19904
  137 20586
   67 20515
  127 20176
  176 19118
  138 18550
  155 18905
  173 20163
   98 21546
  118 22127
  133 21620
  126 20499
  129 19434
   71 18662
  112 18149
  138 17474
  183 17206
  166 17801
   51 19098
  145 20424
  146 20543
  174 20130
   98 19692
   65 19679
   96 19395
   90 17979
   85 16044
  152 14474
  109 14206
   68 14902
   92 15629
   65 15527
  156 14902
   88 14178
   99 14306
  176 15158
  136 16428
  209 18274
  140 20150
   74 21964
  100 22458
  150 21424
   78 19449
  145 17734
  119 17032
  117 17221
  111 17651
   82 17711
  137 17492
  152 17081
  125 17244
  152 18009
  174 19321
   51 20363
  160 20792
  191 20540
  107 20278
  176 20611
  153 21304
  148 22268
   89 22478
  130 22081
  200 21267
   53 20285
  170 20002
  155 19818
  144 20198
  174 20797
   88 21335
  126 21762
   74 20947
  146 19670
  178 18288
   67 17718
  152 18244
  166 18893
  118 19636
   86 19854
  172 19877
  100 19586
   77 18986
  114 18202
  196 17555
  208 17856
  110 19238
  183 21605
  186 23600
  167 24863
  149 25220
  103 24951
  186 24434
  136 23381
  119 22465
  178 21839
  140 21650
  104 21698
   73 21182
  150 20239
  163 18995
  130 18356
  101 18613
  171 19421
   79 19897
  168 19916
   61 19289
  138 18721
  156 18210
   99 17935
  180 18406
   85 18828
  186 19788
   63 19895
  136 19859
  210 19573
   41 19231
   92 19266
   90 18400
  159 17450
   80 16134
   55 15432
  139 15314
   43 14859
  151 14608
  124 14247
  153 15034
  125 16487
  132 18166
  176 19678
   86 20292
   81 20411
  103 19463
  142 18149
   58 16673
  139 15848
  108 15641
   65 15722
   58 15520
  147 14873
  172 14523
  146 15105
  120 16979
  136 19142
  158 20707
  196 21420
  104 21724
   49 21780
   51 20852
  188 18851
  173 16765
   68 16032
  178 17236
  101 18793
   87 19712
  152 19326
  166 18677
   51 18346
  113 18273
   69 17818
   76 16583
  145 15115
  125 14203
  167 14824
   68 16200
  157 17979
  150 18925
  137 19432
  182 20027
  154 20867
  173 22257
  136 23222
  156 23858
  192 23952
  124 23788
  146 23701
  184 23512
  198 23618
  147 23960
  158 24594
  182 25193
  158 25344
   45 24738
  219 23713
  182 22547
   87 21943
  146 21920
  127 21818
  137 21515
  152 20707
  218 20638
  136 21358
  114 22639
  129 23397
  158 23018
  171 22127
   60 21128
  146 20691
  125 20075
  173 19650
  112 19340
  100 19467
  153 19798
   74 19439
   89 18686
   56 17120
  160 15791
  141 14899
  109 15144
  110 16342
  152 17651
  132 18630
   39 18655
  140 18293
   66 17197
   50 15862
  164 14556
  133 13921
  176 14840
   74 16495
  139 18544
  135 19528
  129 19604
   60 19057
  164 18411
  123 18003
   51 17545
  147 17292
   75 16685
  148 16419
  137 16214
  142 16867
  140 18050
  114 19219
  114 19998
  131 19831
  180 19564
   64 19195
  181 19420
   98 19516
  110 19536
  112 19076
   85 18204
  149 17501
  160 16979
  136 17537
  142 18668
  143 20091
   90 20883
  130 20755
   59 19652
  159 18338
  191 17450
  148 17819
  184 19601
  128 21715
  110 23305
  188 23479
  137 22790
  165 22236
   97 21925
  136 21905
  141 21421
   96 20505
   82 19448
  104 18171
  133 17112
   66 16057
  118 15549
  181 15614
   99 16252
   66 17134
   86 17439
  149 17072
  147 16341
  179 16492
   90 17735
  153 19569
  141 20755
  150 21070
  175 21122
  158 21464
   99 22182
  141 22473
  157 22171
   58 21118
  171 20115
  191 19469
   47 19410
  106 19562
   89 19009
  134 17945
  131 16618
   99 16099
  178 16735
  146 17890
  107 19292
   84 19927
  143 19854
  168 19252
  196 19051
   45 19589
  145 20562
  152 20860
  167 20563
  125 20252
  174 20618
  212 21856
   43 22714
  137 23109
   76 21884
  152 20133
  111 18176
   84 17025
  179 17040
   41 17070
   90 17217
   97 16338
   50 15134
   83 13738
  118 12585
  102 12355
  150 12965
  158 14590
  114 16645
  170 18712
  118 20132
  196 21144
  174 21812
  101 22530
  115 22948
  128 22443
  147 21345
   58 19714
  191 18794
   99 18271
  129 18433
  148 18752
   63 18839
  154 18883
   83 18172
  112 17645
  157 17069
  139 17165
  126 17925
  138 18860
  154 19898
  177 20617
  177 21465
  134 22459
   89 23161
   57 22692
   95 20688
   62 17560
   63 14517
  194 12791
  146 12854
  180 14987
   93 17838
  156 20499
  111 21579
  148 21336
  184 20781
  153 20667
   81 21302
  137 21652
   92 21151
  156 19929
  103 18621
  106 17943
  136 17832
  100 17756
  152 17866
  138 17919
   65 18250
  143 18454
  181 18481
  151 18797
   81 19407
  123 20144
  184 20432
   84 20008
  201 19867
   89 19867
   86 20200
  188 20099
  128 19578
   87 19303
  121 19017
  200 19193
   79 19139
  160 19460
  149 19868
  167 20523
  146 21239
  156 21916
  115 22474
  156 22507
  125 22118
   74 21160
  116 20011
   71 18411
  132 16950
  108 15708
  100 15328
  162 15738
   87 16415
   98 17174
  133 17359
  111 17280
  107 17057
  109 16868
  143 16993
  181 17426
  115 18314
   57 19240
  149 19624
   80 18908
   75 17510
   75 15823
   74 14386
  117 13370
   61 12614
  188 12906
   70 13650
  142 15210
  119 16509
   77 17283
  185 17747
  153 17881
  181 18991
   96 20248
   48 21282
  127 20865
   85 18835
  136 16736
   62 15139
  141 14992
   93 15263
  146 15798
  189 16663
  131 17920
   89 19592
  144 20574
  145 20743
  146 20253
  145 20006
   67 20037
   89 19871
  177 19054
  116 17987
  141 17642
   81 17959
  127 18576
  162 18696
  122 18535
   98 18603
  104 18649
  197 18853
   67 18610
  103 18511
  147 18295
  103 17991
  115 17716
  186 17654
  143 18346
   67 19225
  184 20100
   78 20080
  138 19670
  136 18951
  111 18569
  166 18716
   65 18769
  155 19070
   64 18527
   84 17792
   79 16430
  142 15123
   95 14410
   68 14224
  154 14809
   70 15125
  137 15614
   65 15597
  111 15673
   81 15365
   84 14821
  128 14410
  198 14505
  112 15737
  179 17835
  149 20144
  133 21867
   89 22393
   87 21581
  118 19940
   89 17816
   97 16219
  169 15452
  110 15706
   66 16483
  109 17011
  104 16825
   84 16038
   51 14928
  183 14332
   69 14096
  102 14573
  191 15453
  102 16517
  107 17764
  141 18485
  130 18959
   54 18682
  127 18088
  165 17411
   93 17000
  146 17349
  159 18115
   85 19013
   73 19278
   99 18580
  113 17187
   94 15678
  116 14882
  209 15267
  146 16721
  149 19018
  108 21022
  166 22235
  141 22279
   89 21558
  127 20730
   94 19635
  125 18665
  121 17627
  177 17380
  147 17990
  169 19459
  202 21404
   55 22786
  112 23279
  107 22044
  190 20279
  113 18751
   79 18343
  206 18963
  118 19460
  198 20368
   87 20897
  168 21773
   99 21881
  139 21372
  169 20679
  119 20080
   93 20153
  140 19962
   71 19416
   73 18141
  177 16840
  190 16312
  156 17317
   80 19269
  123 21067
  201 21629
  121 21161
  206 21091
  173 21837
   95 23213
  149 24000
  151 23582
  145 22635
  168 21764
  144 21692
  127 22057
   87 22057
  140 21420
   68 19885
   69 18064
   88 16173
  120 14608
  181 14074
  133 14770
  166 16958
  130 19371
   70 20998
   64 20829
  197 19347
   51 17438
   81 16191
  113 15547
   87 15121
  168 15002
  140 15242
  182 16833
  138 18907
  102 20941
   98 21710
  153 21082
  120 19828
  158 18891
  164 19020
   61 19670
  148 20285
  193 20249
  103 20080
   70 19923
  116 19598
  132 18822
   81 17535
  146 16663
  168 16639
  107 17488
   95 18554
  207 19392
  160 19999
  136 20783
  165 21835
  123 22681
   77 22716
  143 21669
  143 20153
  120 18968
  130 18614
  102 18753
  136 18951
  141 18845
   98 18660
   94 18431
  123 18078
   63 17348
  178 16636
  103 16187
   68 16372
  165 16840
  114 17117
  114 17461
   72 17391
  127 17356
  114 16885
   97 16357
  121 16142
  147 16283
  111 16902
  196 17865
  178 19252
  124 20949
  150 22491
  161 23283
  133 23302
  134 22719
  147 22115
  161 21704
  170 21686
  124 21972
  175 22500
  151 22873
   80 22828
   77 21979
  166 20456
  168 18986
   58 18107
  212 18518
  169 19515
   75 20706
  149 21401
   42 20915
  196 19977
  107 18447
  175 18129
   91 18532
  159 19543
  205 20591
   91 21038
  142 21728
  164 21814
  124 21845
   81 21231
  127 20355
   79 19119
  110 17701
   77 16311
  163 15499
  200 15750
   58 16888
   90 18422
  124 18929
  178 18661
  103 17944
  157 18092
  196 19257
   40 20403
  179 21234
  114 20813
  181 20464
   77 19972
   77 19699
  208 19450
   54 18567
  156 18317
  136 18009
   83 18345
  157 18596
  142 18609
  125 18955
  100 19098
   99 19218
  171 18915
  158 18575
  143 18966
  112 19862
  159 20916
   70 21085
  175 20583
  144 19795
  131 19561
   57 19621
  169 19587
  131 19178
  118 18641
  142 18646
   54 18643
  150 18697
   98 17913
  166 17452
  147 17456
  125 18372
  175 19817
  163 20985
  123 21997
  164 22466
  108 22520
  143 22155
  135 21389
  132 20702
  146 20305
   67 19932
   83 19391
  168 18318
  114 17281
   86 16786
  111 16815
  132 17061
   94 16999
   99 16720
  178 16702
  143 17130
  132 18232
  105 19375
   63 19857
   62 18993
  163 17136
   85 15286
  156 14750
   66 15274
  161 16494
  126 17351
  118 17886
  195 18636
   75 19210
   65 19772
  113 19095
   72 17555
   92 15612
  153 14255
  217 14599
  144 16486
  160 19539
  201 22520
  161 24547
  120 25402
  174 25251
  130 24512
   72 23273
   75 21487
  158 19404
  160 17713
  151 17290
   93 18162
  186 19706
  142 20837
   87 21194
  103 20819
   79 19656
  154 18295
  116 16901
  209 16889
   65 17777
   80 19064
   99 19241
   83 17900
   94 16010
  161 14530
  149 14682
   98 15918
  171 17838
  119 19260
   51 19790
  136 19310
  122 18137
   67 16959
   91 15995
   98 15318
  111 14809
  141 14604
   99 14972
  123 15878
   95 16709
   94 17066
  110 16740
   48 15885
  122 15067
   94 14223
  178 14244
  121 15008
   91 16506
   86 17775
   85 17819
  153 17056
   82 15844
  182 15790
   67 16320
  115 17325
  169 17896
  150 18195
   64 18615
  148 18953
  206 19453
   64 19577
  131 19888
   77 19592
  108 18879
  175 17733
  152 17144
  207 18184
   96 20043
  108 22025
  162 22529
  141 21842
  156 21001
   96 20453
  208 20866
   83 21056
  169 21341
  141 21243
  143 21219
   97 21173
  153 20846
  175 20670
  164 20626
  159 21422
  165 22525
  191 23806
   89 24354
  166 24335
  113 23416
   94 22091
   90 20374
   84 18429
  145 16858
   95 15649
  178 15763
  177 16835
  110 18730
  111 20464
  112 21051
  157 20675
  113 19591
  137 18997
  141 18982
   77 19177
  148 19254
  145 18890
   95 18641
  129 18552
   93 18422
   43 17861
  144 16742
  108 15490
   79 14781
  130 14779
  112 15258
  207 16268
   96 17374
  174 19098
   87 20312
   44 20548
   94 19298
  103 16846
  147 14958
  156 14302
  175 15785
   77 18034
  163 20132
   99 20818
  114 20363
  104 19254
   92 18023
  164 17301
  182 17147
   85 17978
   62 18886
  193 19409
  128 19076
  121 18729
   85 18627
  128 18769
  180 18756
  160 18768
  152 19603
  198 21177
  104 22856
  195 23962
  140 24072
   89 23619
  147 22736
   87 21311
   97 19808
   77 17927
  135 16530
  147 15692
   66 15614
  121 16216
  182 16855
   37 17286
  184 17691
   70 17669
  130 17811
   91 17454
  200 17371
  168 17919
   88 18988
  103 20388
   68 20335
   75 19007
  165 16718
   92 15053
  223 15286
  127 16932
   92 19308
  130 20806
  141 20904
  147 20315
  120 19536
  109 19481
  180 19682
   60 19656
  108 19325
  103 18362
   68 17121
  209 16227
  163 16130
   89 17491
  103 19084
  106 19901
  112 19316
   56 17601
  185 16335
  159 15963
   97 16875
  152 18425
   58 19345
  155 19565
  136 18739
  102 18128
  173 18158
  113 18634
  130 19472
  178 19939
   98 20304
  153 20593
  113 20519
   24 19959
  143 18681
   97 16854
  118 15582
  124 15068
  124 15662
  195 16993
  119 18381
  144 19997
  108 20885
  125 21132
  162 20649
  140 20008
  120 19940
   85 19942
  165 19945
  162 19575
  172 19671
   64 20198
  111 20755
   91 20277
   51 18465
   80 16061
  111 13859
  192 13159
  134 13932
  220 16593
  151 19872
   71 22619
  163 23767
   49 22639
  113 20539
   76 17792
  175 16112
  141 15603
  142 16526
   96 18212
   93 19270
  143 19449
  136 18606
  182 18303
   97 18664
  144 19821
  135 20580
  133 20726
  175 20619
  106 20488
  124 20747
  152 20709
  145 20579
  126 20375
   96 20187
  143 20044
  174 19738
  181 19880
  110 20586
  143 21687
  117 22235
  101 21727
  174 20620
   85 19411
  172 19089
   75 18920
  117 18975
  100 18447
  154 17756
  105 17312
   98 17159
   72 17238
  169 17000
  188 17000
  184 17870
  133 19960
  127 22238
  162 23626
  167 23581
  123 22918
  165 22422
  155 22368
  146 22535
   82 22374
  164 21897
  152 21129
  152 20631
  109 20594
   62 20522
  119 19949
  160 18588
  141 17553
   69 17279
  130 17825
  140 18234
  144 18322
  144 18491
   73 18857
  172 19462
  101 19421
  116 19154
  140 18695
  147 18579
  100 18794
  158 19092
  182 19682
  108 20260
  121 20921
   48 20728
  112 19647
   69 17452
  139 15446
  141 14446
  110 14845
   76 16081
  189 17199
   93 17825
   53 17846
  106 17393
  129 16485
  123 15731
   65 15264
   75 15342
  156 15375
  131 15372
  200 16079
   80 17466
  109 19301
  186 20366
  146 20508
  107 20452
   85 20228
  199 20264
  188 20145
  133 20609
  157 21751
  119 22836
  123 23182
   67 22007
  150 20240
   62 18224
   73 16637
  110 15375
  136 14524
  155 14638
  136 15644
  144 17616
   45 19076
  134 19582
  129 18716
  163 17780
   79 17435
  166 18026
  220 19241
  130 20551
  153 22161
  134 23193
  179 23799
   81 23252
  141 22323
  207 21452
   88 20907
  181 21198
  158 21545
   95 22044
  139 21983
  109 21253
  171 20478
   92 19575
   86 19150
  123 18591
  120 17821
   91 17070
  193 16758
  146 17375
   60 18466
  101 19250
   61 18689
  124 17154
  116 15281
  198 14816
   73 15687
  146 17547
  156 19113
  147 19956
  116 20412
   67 20268
  131 19848
  131 18657
   77 17508
   76 16523
  114 15856
  128 15395
  185 15443
   90 16261
  144 17857
  154 19306
   64 19926
  160 19831
   54 18850
  130 18000
  134 17000
   66 16422
  168 16454
  160 16808
   64 17714
   59 18086
   67 17506
  126 15927
  111 14093
  166 13622
   90 14572
  123 16419
  122 17822
  158 18430
  116 18638
   81 18682
  153 18823
  176 18767
  190 19301
   65 20180
  117 21233
   88 21086
  126 19715
   69 17650
   83 15889
  167 15130
  136 15117
  182 16377
  137 18221
  136 20447
  105 21736
  140 21802
   71 20721
  176 19403
  166 18653
  103 18783
   75 19388
  166 19642
  150 19425
  132 19076
  147 19387
  179 20299
   59 21109
  110 21151
  100 20043
  171 18585
  145 17645
  103 17778
  198 19041
   99 20147
  117 20953
  142 20758
  149 20322
   76 19752
  140 19266
  138 18931
  142 18724
  120 18875
  179 19414
  106 20100
   79 20405
  185 20270
   79 19457
   92 18714
  173 18025
  160 17955
  139 18612
  168 19861
  188 21553
   52 22575
  115 22666
   94 21247
  118 19143
  172 17404
  115 16808
  109 17575
  144 18557
   80 19069
  127 18776
   60 17777
  163 16956
  135 16402
  174 16913
  140 18316
  139 20062
  117 21445
  179 21842
  125 21681
  172 21495
  166 21768
   21 21865
   65 21195
   87 18886
   95 15923
   79 13269
  103 12108
  218 12812
  121 14630
  109 17205
  112 19158
  143 20070
  172 20026
  143 19778
  157 20363
  137 21309
  107 22062
  140 21933
   94 20938
  137 19801
  195 19053
  112 19116
  118 19877
  134 20498
  100 20509
  108 19697
   83 18384
  193 17498
   82 17005
   47 17071
  137 16982
  143 16512
   88 16132
  114 16041
  151 16623
  104 17249
  155 17918
  175 18634
   55 19343
  136 19880
   66 19359
  167 18407
  135 17339
   58 16990
  125 17253
   80 17040
  161 16802
  185 16537
  178 17665
   54 19532
  154 21210
  112 21473
  159 20595
  105 19514
   88 18857
  236 19049
  110 19312
  141 20281
  131 20963
  158 21589
  120 21561
   97 20960
  177 20487
  108 19840
  175 19885
   84 19872
  135 20110
  149 20007
  171 19865
  160 20242
  116 20947
  171 22039
  109 22323
   95 21950
  142 20839
  197 19891
   56 19381
  114 19352
  145 19241
  109 18754
  169 18398
   83 18223
  121 18651
  118 18668
   98 18322
  111 17619
   80 16767
   77 16084
  136 15308
  187 15149
  177 16113
   59 18001
   78 19756
  146 20015
  116 18805
   70 17193
  156 16327
   64 16152
  167 16482
   88 16604
   78 16749
   95 16574
   90 15872
  155 15286
   63 14704
   74 14891
   58 14688
  102 14068
  142 13235
  163 13189
   94 14548
  100 16489
   80 17782
   97 17592
  163 16599
  144 15951
  126 16605
   85 17868
  159 19029
   74 19068
   73 18273
  188 17304
   76 16520
  148 16701
  118 17120
  162 18089
   98 18774
   68 18990
  117 18618
   70 17254
  183 16199
  125 15602
  112 16405
  192 17972
  136 19546
  166 21037
  181 22053
  179 23222
  106 24009
  150 24297
  141 23804
  120 22673
   74 21276
  180 20024
  167 19290
   35 18989
  143 19095
  168 18915
  100 18727
  126 18587
   79 18501
  154 18489
   93 17935
  134 17560
  130 17397
   69 17471
  112 17546
  172 17222
  149 17308
  135 18012
   80 19142
  190 20157
  186 20600
  132 21057
  178 21977
  149 23032
  129 23816
  153 23675
  110 22911
  171 22059
   91 21143
  121 20518
   76 19554
  103 18359
  184 17287
  122 16736
  132 17479
  106 18532
  182 19675
  153 20222
   50 20348
  170 20397
  158 20034
  137 19946
   82 19835
  141 19939
  157 19862
  144 19621
  120 19716
   83 19830
   94 19663
  136 18668
  194 17708
   87 17450
   80 18125
  125 18681
   70 18194
  134 17037
  117 15843
  165 15864
   99 16670
  179 18133
  119 19377
  134 20228
  100 20500
  112 20053
  142 19337
  155 18599
   68 18384
   80 18231
  132 17822
   70 16740
  187 15947
  139 15886
  160 17287
   70 18945
   83 19910
  161 19599
  141 18390
  188 18087
  165 18963
   81 20827
   94 21960
  132 21472
  166 19998
   82 18515
  177 18283
  174 18984
   62 19945
   86 20354
   94 19462
  154 17991
  168 16704
  189 17088
  127 18998
   95 21207
  123 22267
  175 21719
   89 20436
  134 19506
  204 19436
  143 20069
  158 21261
  141 22344
  143 23130
  142 23107
  179 22720
  208 22668
   80 22974
  162 23621
  101 23336
   75 22105
   76 19873
  126 17445
  197 16026
  137 15985
  162 17820
  130 20075
  134 21864
  178 22477
  128 22219
  166 22108
  127 22050
   82 21964
  158 21365
   83 20112
  114 18906
  112 17730
  170 17306
  132 17508
  145 18397
  116 19570
  149 20381
   59 20392
  152 19703
   87 18546
  149 17680
  109 17270
  159 17522
   67 18029
   63 18038
  112 17368
   85 15804
   50 14319
  153 13306
   96 13183
  155 14011
  142 15451
  139 17319
   94 18893
  135 19677
  142 19731
   90 19155
   82 18543
   79 17554
  230 16865
   80 16449
  154 17294
   53 18264
   60 18585
  123 17519
  127 15598
  208 15003
   74 15682
  188 18092
  127 20011
  113 21155
  138 21207
  164 20701
  111 20442
   52 19901
  157 19396
  160 18488
  114 18051
  142 18337
  174 19316
  113 20399
  130 21022
  116 20991
  156 20582
  108 19976
  160 19681
  205 19990
  129 20864
   77 21905
  204 22411
  101 22053
  141 21357
  129 20612
  150 20336
  186 20537
   80 20763
  114 21105
  197 20901
  103 20532
   93 20095
  135 19637
  143 19271
  189 19124
   65 19250
  114 19762
  194 19960
  185 20121
  231 21061
   59 22570
  187 24503
  126 24845
  144 24032
  146 22597
  159 21617
  163 21697
  149 22017
  172 22781
  122 23107
   84 23011
   73 21831
  109 19725
  140 17437
  149 16049
  181 16452
   96 18068
  163 20092
   45 20856
  163 20526
  128 19272
   83 18183
  137 17767
  149 17674
   92 18022
  102 18053
  107 17939
  118 17433
  105 16808
   92 16320
   87 15977
  148 15785
   49 15487
  175 15543
  112 15795
  119 16592
  134 17492
   76 17994
  109 18107
  127 17414
  132 16936
  120 16755
  136 17292
  125 18111
  133 18787
   97 19073
  144 19031
  206 19117
   40 19289
  150 19793
   76 19525
  137 18870
   65 17530
  152 16545
  185 16485
   91 17112
  127 18540
  176 19534
  143 20371
   49 20433
  188 20320
   74 19630
  146 18988
  167 18523
  174 18903
  107 20031
  125 21078
  180 21779
   97 21450
   55 20710
   88 19238
  141 17518
  196 16272
  123 16316
  164 18077
  134 20285
   64 21611
  113 21272
   70 19359
   92 17125
  165 15342
  144 14942
  173 16182
   67 18044
  113 19679
  155 19938
  105 19213
  170 18648
  130 18624
   55 19191
  168 19431
   69 18804
   97 17836
  140 16741
   78 16090
  120 15940
  141 15973
  161 16673
  126 17633
  102 18837
  153 19750
  141 19985
  109 19902
  142 19717
  124 19627
  146 19675
   88 19507
  121 19263
  164 18910
  106 18613
  131 18708
  130 18880
  181 19404
  142 19952
  118 20677
  142 21311
   65 21142
   48 19971
   80 17603
   80 14896
   90 12696
  134 11769
  173 12538
   98 14434
   91 16633
  166 18174
   89 18587
  105 18357
   84 17621
  191 17210
  154 17238
   73 17922
  148 19025
  162 19695
  135 20105
   74 19958
  119 19716
   34 18704
  129 17123
   48 15063
  129 13637
   76 12997
  147 13317
  153 14403
  108 15797
  109 17456
  136 18392
  142 18902
  111 18819
  147 18924
  102 19032
  114 19097
  145 18888
  161 18723
  155 19096
   81 19773
  131 20437
   82 20070
  132 19032
  147 17817
   87 17183
  116 17326
  143 17571
  210 18220
   92 18952
  122 20115
  195 21078
   99 21369
  172 21457
  105 21129
  170 21230
  121 21070
  128 20935
  106 20603
  135 19991
  110 19374
  121 18620
  136 18272
   90 18017
  163 18145
  111 18182
  111 18420
  108 18433
  173 18445
  214 18879
   81 19754
   87 20983
   77 21011
  139 19750
  167 17831
  184 17076
  192 18498
   54 20817
  179 22845
  106 22857
   76 21575
  126 19664
  110 17932
  198 17341
   70 17288
  175 18402
   95 19188
  119 19669
  117 19375
  123 18617
   77 17992
  150 17378
  149 17296
  116 17535
  196 18574
  115 19747
  193 21228
   87 21980
   53 21943
  125 20671
   38 18188
  118 15802
  105 13789
  155 13513
  172 14586
   78 16495
  135 18522
   98 19273
  120 19138
   81 18036
  180 17248
  151 17200
  133 18060
   92 19329
  126 20044
  153 20032
   86 19239
  163 18778
   76 18396
  140 18459
  162 18399
  126 18564
  122 19113
  148 19674
  226 20586
   84 21214
  113 21944
  117 21850
  139 20993
  118 19677
   68 18387
  199 18003
  136 17987
  167 18930
  101 19972
  134 20985
   93 21070
  156 20262
   75 19090
  143 18163
  161 17931
  196 18482
  133 19873
  100 21351
  145 22342
  183 22199
   96 21531
  127 20886
  110 20396
  194 20114
   58 19607
  175 19480
  128 19457
  124 19633
  127 19796
   93 19516
   82 19034
  145 17955
  194 17382
  174 17774
   78 19313
   87 20834
  173 21179
  174 20433
  175 19981
  197 20892
  115 22804
   64 24108
  111 23509
  160 21335
  155 19122
  109 18185
  197 18953
   68 20074
  168 20977
  168 21031
   74 20747
   98 20357
  104 19366
  190 18490
   58 17448
  122 17340
  117 17388
  115 17418
   70 17095
  158 16619
  156 16664
   86 17077
   95 17831
  153 18176
   86 18033
   93 17459
  201 17156
  150 17494
  100 18620
  145 19892
  110 20583
   85 20270
  121 19118
  119 17827
  165 17168
   88 17201
  131 17890
   99 18309
  126 18336
   91 17834
  130 17238
  161 17120
  135 17499
  169 18697
  152 20088
  163 21611
  111 22485
  203 22960
   82 22738
  117 22211
  113 21157
   99 19706
  146 18422
  175 17677
  118 18151
  128 19190
  135 20239
  150 20672
  144 20638
  173 20746
  111 21126
  140 21596
   57 21343
   82 20108
  156 18220
  167 16715
  124 16650
  107 17732
  115 19120
   87 19409
  141 18712
  188 17895
   99 17876
   92 18663
  208 19580
  144 20159
   69 20438
   89 20279
  132 19529
  172 18439
  122 17688
  150 18163
   86 19159
   96 19806
  139 19346
   70 18014
  100 16805
  158 16010
   87 15882
   62 15993
  149 16089
  138 16116
  147 16465
  170 17539
  160 19339
  104 21093
  143 22084
  110 21903
   85 20777
  128 19308
  125 17963
  167 17461
  147 17841
  116 19022
  104 20071
   52 20033
  103 18765
  120 16675
   88 15003
  102 14314
   74 14314
  168 14797
  124 15266
  100 16124
   68 16886
  165 17330
  135 17332
  109 17305
  122 17753
  129 18301
  136 18779
   69 18614
  114 18223
  182 17729
   65 17389
  160 17628
   40 17642
   81 17424
   47 16004
  150 14254
  119 13073
  119 13186
  116 14710
  110 16260
  101 17354
  104 17331
  142 17028
  148 16874
   51 17118
  156 17609
  179 17975
   98 18408
  135 19049
  123 19571
  123 19865
  167 19692
   41 19237
  124 18794
  113 17912
  130 17139
  114 16594
  137 16745
  187 17764
   76 18746
  171 19907
   65 20090
  175 20010
  108 19330
   69 18663
   76 17927
  135 16780
  124 15873
  154 15469
  166 16507
   83 18140
   81 19485
   89 19307
  157 18065
  196 16963
   95 17120
  183 18821
  176 20806
  142 22466
   92 23064
   68 22487
  175 21127
   32 18860
  148 17185
   89 15902
  105 15598
  192 15932
   72 16447
  100 17444
  147 17815
  119 18001
  119 17843
  156 17949
   99 18419
  122 18831
   73 18720
  115 18047
  184 17259
  107 16964
   92 17506
  111 18074
  164 18421
  101 18185
  162 18205
  161 18783
   68 19571
   95 19963
  176 19463
   95 18571
   62 17703
   74 16909
  162 16135
  126 15448
   77 15361
  160 16132
  150 17211
  113 18340
  143 19126
  173 19858
  156 20645
   88 21231
   91 21329
   94 20385
   61 18436
  165 16376
  115 15019
   64 14986
  171 15805
   59 16425
  167 16970
  153 17180
  177 18179
  130 19656
   73 20940
  145 21493
   37 20216
  143 18472
  112 16487
   77 15508
  179 15581
  133 16232
   82 17424
  119 18153
   98 18319
   83 17640
  110 16501
   46 15319
  153 14559
  134 14290
   72 14752
  134 15654
   67 16236
  146 16559
  134 16337
   89 16468
  142 16978
  110 17460
  107 17870
  120 17738
  167 17768
   74 17832
  138 18143
  114 18283
  152 18344
  155 18545
  181 19286
  158 20729
  127 22169
  116 23082
  173 22940
  152 22267
   51 21357
  240 20993
   61 20505
   98 20251
  109 19371
   65 18043
  147 16719
   40 15196
  220 15093
  143 15565
  142 17467
  196 19794
  158 21900
  129 23570
   69 23641
  149 22831
  177 21155
  115 19911
   70 19402
  159 19340
  140 19215
  140 18994
  200 19361
   99 20300
  108 21415
  120 21499
  116 20586
  166 19334
   76 18383
  122 18262
   88 17996
   96 17490
   62 16354
  109 15076
  133 14272
   81 13985
  174 14751
   67 15663
   95 16663
  141 16930
  149 16914
   43 16847
  138 16904
  118 16938
  120 16807
  125 16841
   66 16895
  158 17203
   43 16826
  122 16416
   59 15428
  121 14706
  139 14335
   33 14214
   89 14545
  141 14408
  181 14710
  121 15492
  141 17338
  161 19486
  103 20862
   86 21086
  150 20236
  149 19223
  143 18737
  116 19000
  158 19795
  132 20446
  136 20753
   99 20607
   96 20044
   94 19029
   88 17530
  111 16096
   86 14971
  162 14775
   95 15138
  128 16112
   92 16918
  107 17304
   83 17024
  125 16314
   59 15565
  152 15117
  174 15358
   78 16183
  148 17601
  118 18589
  142 19260
  121 19232
   70 18972
   84 18373
  161 17382
  177 16792
  172 17274
  171 19273
   91 21632
  198 23338
   84 23342
   68 22206
  183 20521
   58 18731
  167 17833
   72 17116
  200 17533
  170 18257
   51 19288
  197 20501
  149 20851
  130 21279
   85 20995
   92 20517
   97 19320
   84 17403
  161 15921
  183 15471
  108 16647
  142 18638
  106 20156
   68 20409
   81 19133
   58 16876
  125 14715
   68 13074
   63 12459
  135 12483
  118 12923
  134 13926
  145 15302
  146 17167
  135 18888
  146 20162
  211 21171
   80 21761
  165 22375
  150 22425
  172 22361
  159 22347
  142 22602
  165 23216
  106 23258
  140 22951
  163 22059
  158 21448
   40 20960
  189 20686
  116 20078
   91 19392
   88 18596
  107 17677
  142 16927
   77 16101
  178 16239
  188 17035
   84 18583
  182 20292
   66 21049
   61 20776
   78 18882
   79 16277
  163 14178
  157 13455
  159 14978
  179 17723
   60 20398
  139 21830
  141 21421
   56 20028
  134 18510
   40 16972
  190 16199
   82 15501
  153 15910
  211 17136
  133 18969
  174 21323
  106 22703
   96 23271
  108 22111
  142 20253
   99 18458
  156 17568
   66 17479
  178 17874
  166 18350
  116 19065
  162 20142
   73 20750
  113 20832
  171 19867
   82 18799
  137 18237
  164 18239
  219 19220
   93 20469
   70 21659
  143 21852
  122 20634
  115 19032
   64 17537
  192 17163
  106 17173
   85 17544
  142 17853
   66 17693
   80 17184
  104 15954
  140 15045
  138 14790
  137 15654
  101 17154
  144 18489
  116 19135
  103 19042
  134 18643
   88 18096
  160 17852
   51 17414
  156 17327
   88 16981
  178 17062
  192 17734
   98 18989
  176 20876
  111 21862
  142 22290
  167 21751
   64 21034
  141 20453
   58 19309
   85 18001
   74 16059
   99 14347
  106 13285
  147 13139
  107 14109
  137 15579
  144 17200
  162 18571
  106 19607
   91 20103
  104 19859
  157 18935
   29 17624
   88 16425
   55 15070
  138 13852
  146 13130
  122 13577
   96 15236
   61 16649
  106 17130
  131 16259
  150 15514
  161 15845
  100 17305
  115 19005
  156 19869
  100 19767
  181 19483
  168 19590
  130 20484
  188 21746
   56 22428
   73 22145
   91 20224
  146 17787
  146 15929
   99 15550
  173 16837
   41 18018
  177 18889
  113 18615
  174 18564
  147 19010
  141 20035
  115 21194
   77 21240
  156 20629
  124 19212
  106 18325
  169 18125
  138 18619
   83 19317
  142 19644
  128 19491
  122 19081
  112 18664
   94 18357
  182 18254
   80 18046
  100 18068
  100 17760
  157 17418
  168 17302
   56 17525
  163 18450
  113 18878
  164 19228
  185 19463
  156 20372
   65 21594
  112 21999
  111 21115
  170 19371
   80 17929
  186 17773
  200 18790
  123 20421
  141 22114
  129 22891
  149 22941
  132 22069
  158 21340
   83 20781
   76 20213
   99 19080
  152 17494
   64 16091
  167 15685
  170 16346
   88 17630
   66 18716
   70 18550
  145 17393
  124 15732
   93 15017
  164 15568
   69 16609
   59 17271
  129 16807
  161 15982
   68 15493
  160 15938
   65 16699
   84 17111
   59 16430
  112 15054
   73 13637
  114 12811
  148 13119
   85 13999
  153 15534
   61 16518
  135 17193
  145 17177
   80 17068
  168 17358
   54 17453
  124 17713
   96 17143
   79 16396
   62 15388
  106 14309
   78 13504
  122 12972
   87 13097
  117 13700
  117 14557
   88 15257
  144 15903
  127 16343
  135 17091
  170 18040
  144 19277
  171 20694
   34 21413
  172 21522
  130 20522
   76 19314
  123 18341
   92 17490
  177 17283
   72 16928
  128 17259
  192 17757
  179 18766
  151 20373
  159 22095
  196 23853
  107 24599
   68 24287
  193 23024
  147 21409
  110 20391
  130 20052
  174 20334
  151 20749
  151 21189
   65 21469
  119 21239
   79 19987
  203 18462
  163 17602
   66 18068
  134 19350
   90 19725
   97 19103
   77 17349
  178 16095
  110 15653
  161 16452
   79 17709
  198 19006
  150 19927
  134 20640
  194 21609
  134 22393
   98 23048
  100 22520
  152 21352
  147 19858
  113 18962
  199 19229
   61 19835
   72 20227
  156 19520
   59 17945
  160 16689
  110 15952
  124 16454
   78 17004
  150 17451
   75 17338
   48 16616
  154 15879
  109 15012
   74 14818
   64 14724
  124 14756
   58 14268
  133 13785
   66 13476
  102 13637
  112 13980
   53 14066
  135 14205
   75 13999
  192 14527
  118 15331
  205 17253
  142 19515
   88 21428
  123 22320
   88 21380
  124 19756
   95 17724
  108 16570
  157 16206
   72 16346
  139 16895
   90 17053
  116 17141
  117 16885
   94 16582
   99 16420
  115 16126
   97 15953
  167 15946
  135 16463
   82 17402
  214 18630
   43 19259
  136 19587
  162 19186
  121 18904
  153 19074
  112 19412
  220 20443
  133 21142
   88 21971
  186 22338
  100 21954
  115 21280
  118 20081
  140 19251
   81 18502
  127 17986
  183 17872
   80 17935
  153 18595
  182 19281
   72 19946
   87 20107
   87 19286
   67 17640
  192 15859
   87 14839
  190 15607
  163 17420
  162 19907
  186 22133
  106 23455
  174 24230
   88 23625
  117 22568
  131 20894
  153 19547
  149 19043
  146 19341
  115 20270
  165 20989
  123 21242
  132 21088
  101 20633
   99 19923
  128 18984
  123 17940
   67 17180
  162 16846
   93 16740
  177 17126
  173 17934
  134 19370
   75 20759
  182 21415
  183 21418
   62 20921
   96 20575
  113 19739
  142 18640
   78 17272
   96 16450
   88 16000
   69 15437
   86 14578
  135 13659
  169 13688
   62 14585
  137 16196
   83 17192
  126 17462
   69 16818
  110 16016
  145 15576
   92 15455
  111 15953
   88 16223
  151 16575
   84 16471
  121 16513
  112 16585
  169 16935
  141 17637
   65 18363
   76 18800
  139 18221
  184 17361
   89 16834
  167 17639
  114 18911
   59 19708
   91 19198
   91 17474
  121 15712
  104 14453
  164 14628
  121 15699
   57 17033
  193 18074
   98 18239
  112 18333
  148 18295
  109 18439
  121 18625
   99 18407
  161 18343
  107 18091
  125 18238
  149 18536
  123 18880
   66 19050
   78 18498
  110 17327
  142 15917
  124 15209
  119 15628
  126 16834
   89 17837
  144 18238
  184 18263
   86 18493
  208 19460
   55 20231
  190 20972
  124 20831
  100 20514
  141 20162
   91 19447
  133 19007
  108 18097
  163 17909
   83 17825
   66 17896
   69 17338
   93 15874
  116 14274
  177 13478
  131 14354
   28 16064
  142 17558
  141 17732
   93 17209
  152 16892
   63 17003
  179 17638
   39 17550
  137 17386
  128 16839
   76 16448
  110 16375
  107 16033
  144 16155
   99 16123
  135 16690
   86 17147
  156 17592
   65 17562
  143 17397
   91 17072
  130 16867
  160 17019
  166 17631
  171 19169
   39 20469
  104 21157
  171 20289
  106 18806
  170 17996
   70 18011
  141 18824
  103 18917
  102 18447
  138 17731
   66 16980
   94 16633
   68 15757
   97 14840
  138 13942
  182 14031
  121 15422
   73 17376
  127 18906
  189 19293
  127 19141
   76 19114
  101 19240
   96 18775
   92 17488
  116 15937
  168 15242
  159 15889
  137 17644
  189 19887
  124 21695
  140 22797
  126 22823
  137 22207
   76 21079
  127 19805
  128 18622
  132 17807
   76 17487
  114 17386
   99 17139
   94 16514
  124 15903
  132 15604
  129 16052
   80 16727
  113 17335
   98 17246
   85 16611
  208 16169
   78 16183
  174 17355
  185 18866
   76 20351
  138 21269
   58 20780
  206 19962
   95 18603
   43 17942
  121 17453
  141 16735
  156 16431
  169 16728
  120 18355
  144 20260
  170 21607
  169 22218
  170 22595
  120 23073
  169 23608
  195 23792
  135 23806
   93 23651
   78 22895
   97 21214
  144 18825
  129 16874
  186 16567
  128 17769
  169 19877
   98 21406
  164 22074
  141 21854
   89 21174
  109 20442
   55 19113
  106 17581
  184 16000
   99 15403
  106 16043
  109 17082
   72 17614
   71 16935
   67 15337
  106 13731
  171 12886
   51 13130
  123 14336
  106 15408
  121 16117
   83 16165
   89 15914
  143 15804
   70 15487
  197 15840
  166 16617
   56 18088
  112 19323
  117 19376
  169 18765
  171 18143
  189 18999
  183 21135
  140 23534
   97 24960
  107 24511
  165 22804
  145 20820
  108 19685
   81 19330
   85 18951
   89 17800
  117 16120
  100 14773
  138 14494
  215 15549
   58 17209
  142 19064
   64 19672
  154 19334
  112 18127
   88 17132
  127 16882
  174 17000
  133 17781
  191 18924
  169 20687
  137 22468
  101 23515
  128 23310
  117 22000
   86 20089
  121 18444
  160 17417
  150 17407
  188 18455
  142 20194
  141 22033
  114 22986
  131 22791
  103 21596
  101 19991
  120 18578
  144 17607
  146 17455
  158 18101
   84 19143
  184 20178
   83 20420
  123 20174
  150 19541
  126 19037
  135 19046
  178 19383
  115 20162
   67 20530
  180 20483
   87 19632
  146 18890
  146 18460
  175 18947
   71 19720
  182 20486
  145 20867
  102 20812
  172 20850
  157 20819
   89 21040
  139 20958
   98 20489
  114 19575
  132 18495
  154 17905
   99 17923
   91 18240
  108 18305
  171 17917
  152 17710
  102 18124
   60 18829
   62 18688
  112 17263
  122 15174
  166 14134
   40 14450
   81 15588
  130 16068
  131 15755
  163 15650
   47 16073
  187 17430
  172 18485
   68 19310
  149 19835
   51 19553
   54 18604
  111 16477
  199 14790
  103 14374
   72 15444
  115 16997
  132 17603
  170 17612
   90 17465
  193 18332
   95 19365
  151 20377
  137 20651
   88 20381
   84 19766
  178 18763
  131 18097
   91 17851
  167 18391
  133 19021
  111 19573
  185 19916
   81 20078
  136 20228
  143 19986
  126 19703
  189 19710
  118 20065
  144 20975
  135 21459
  119 21544
  135 21060
  171 20487
  127 20343
   85 20350
   51 19974
  193 18984
  147 17758
   53 17192
  167 17608
   92 18060
  142 18424
   99 18075
  121 17889
  129 17798
  127 17791
   85 17891
  115 17702
   75 17290
  124 16552
  107 15798
  120 15489
  131 15808
  118 16493
  164 17525
   97 18303
  171 19194
  155 19828
  117 20479
  128 20943
   62 20658
   83 19619
   70 17471
   81 15168
  172 13564
   55 13065
   92 13793
   78 14387
  155 14771
   89 14716
   62 14734
  139 15095
  139 15344
  122 15944
  130 16690
   88 17652
   76 18059
  128 17583
  166 16786
   87 16386
   71 16662
   82 16827
  169 16501
  114 15896
  181 16198
  128 17551
   43 19105
  120 19719
   61 18471
  162 16763
  144 15415
  132 15795
  167 17462
   50 19045
  122 19909
   95 19048
   98 17636
  135 16274
  160 15870
  102 16583
  151 17789
  170 19150
  165 20314
  135 21384
  114 22125
  107 22200
   57 21032
  143 19166
  115 17150
  201 16465
  171 17354
  164 19670
  137 22222
  131 23735
  137 23912
  152 22908
  115 21777
  122 20857
   88 20092
  166 19393
   76 18522
   89 17805
  191 17406
   56 17093
   90 17111
  123 16736
  116 16389
  127 16086
  181 16438
   83 17491
  194 18938
  160 20251
  216 21669
  122 23011
  109 24091
   85 24052
  125 22397
  150 20175
  151 18407
  144 18331
  154 19390
  137 20811
   83 21446
  147 21216
  119 20221
  114 19221
  148 18604
  165 18665
  153 19433
  162 20588
  142 21845
   56 22334
  178 22001
  128 20781
   37 19412
   79 18022
  130 16549
  135 15375
  127 14882
  150 15778
  176 17620
  105 19536
  135 20869
   91 21008
   71 20119
   60 18235
  119 15992
  179 14491
  129 14408
  126 16020
   72 17873
   98 18857
   83 18121
   87 16375
   75 14613
  155 13677
  121 13817
  138 14926
  167 16732
   87 18437
  152 19756
   81 19878
  115 19390
  104 18262
  120 17256
  169 16892
   92 17039
  152 18008
  102 18662
   64 18862
   99 18091
  151 16836
  139 16067
  129 16243
  102 17363
  171 18644
  127 19441
  169 20012
  173 20674
  112 21535
  114 22204
  186 22175
  135 21745
  145 21395
  139 21423
  208 21925
  125 22457
  116 22883
  202 23112
   57 22629
  176 22080
   65 20786
  126 19722
  101 18405
  119 17345
  137 16887
   66 16566
  173 17023
  163 17379
   97 18262
  165 19282
  180 20319
  185 21530
  144 22619
  111 23600
   86 23627
  162 22509
   73 20501
  115 18624
  101 17284
  121 16619
  109 16331
   43 15962
  138 15740
  148 15340
  202 15899
  121 17343
   83 19425
   98 20715
   49 19957
  132 17880
  158 15636
   90 14889
   73 15406
   75 16019
  135 15977
  104 15183
   76 14633
  103 14601
  186 15117
   81 15818
   92 16596
  116 17107
  120 17153
   59 16648
   74 15745
  180 15123
  103 14836
  102 15426
  119 16290
  172 17326
  157 18261
  166 19393
  209 21153
   82 22783
  155 23947
  169 23801
  138 23071
   66 22048
  170 21160
  158 20455
  127 20003
  135 20136
  179 20645
  160 21447
   34 21693
  153 21447
  179 20459
   72 19460
  166 19049
  140 19126
  172 19925
   49 20299
  164 20508
  101 19935
   67 18874
  157 17843
  161 17062
  159 17581
  159 18874
  143 20810
  164 22360
  138 23084
  120 23039
  194 22631
   69 21991
  110 21342
  166 20375
  136 19540
  127 19218
  107 19269
  161 19725
   84 19631
  112 19269
  201 18831
  153 18897
  107 19770
   71 20495
  166 20679
  130 19832
  177 19155
  197 19535
   83 20856
  186 22533
  115 23009
  111 22643
   80 21242
  191 19880
  116 18874
   62 18348
  140 18317
  163 18112
  189 18443
   95 19103
  151 20477
  145 21443
  107 21602
  136 21058
   75 19966
  124 19035
   48 17634
  205 16689
   68 15962
   73 16016
  203 16534
  134 17067
   69 17950
   68 18186
  164 18116
   74 17089
  140 16284
  126 16067
  174 16864
   51 17910
  130 18616
   93 18451
   92 17510
  143 16577
  155 16085
  176 16987
  139 18622
  123 20628
  179 21972
   85 22232
   80 21555
  157 20188
   86 18651
  126 17578
  105 16905
  137 16956
  152 17310
  112 17905
   95 18562
  155 18867
  127 18908
   88 18653
  114 18359
  138 18035
   97 17667
  104 17313
  179 17301
   55 17372
  213 17991
  141 18654
   66 19553
  116 20004
  126 19521
  155 18771
   50 17699
  184 17633
  135 17808
  152 18604
  117 19474
   60 19904
  118 19695
   91 18209
  196 17000
  137 16516
  162 17810
  117 19733
  100 21107
  151 21359
  180 20659
  129 20307
  142 20567
  138 21287
   94 21531
  132 21032
  113 19895
  173 19054
  199 19051
   66 19881
  203 21283
  110 21959
  166 22278
   83 21723
  176 21222
  184 20970
  152 21132
   84 21848
  110 21995
   96 21288
  173 19662
  132 18312
  124 18069
   94 18676
  153 19266
  118 19279
  210 19253
  122 19732
  204 21110
   77 22407
   99 22870
  141 22039
   81 20087
  111 18329
   63 16630
  193 16066
  127 15948
  108 16810
  161 18130
   71 19027
  150 19492
  119 18940
  163 18714
  135 18814
  137 19528
  150 20453
  110 20856
  120 20901
  154 20371
  145 19965
  129 19860
  150 20187
  149 20707
  100 20984
   71 20648
  149 19695
  185 18647
   28 17912
  117 17797
   94 17407
   77 16580
  149 15497
  160 15043
  159 16096
   39 17614
   64 18726
  101 18018
  135 16180
  128 14650
  163 14696
  153 16496
  101 18706
   97 20162
  132 20185
   94 19172
   58 17685
  142 16413
  104 15503
  131 15358
   80 15614
  151 16309
  157 17052
  138 17921
  207 19354
  188 21146
  147 23308
  167 24919
  114 25503
  174 25088
   63 23602
  180 22139
   88 20570
  151 19660
  172 19348
  170 19750
  159 21054
  182 22480
  197 24126
   89 24920
  131 25029
  143 23958
  122 22341
  171 20948
   87 20083
  231 20384
   51 20616
  111 20893
   95 20110
  125 18718
   64 17142
  107 15720
  149 15271
  134 15336
   87 16204
  126 17082
  123 17744
   59 17641
  201 17395
   84 17068
   54 17167
  177 17231
  175 17319
  116 17906
  140 18929
  188 20462
  161 21703
  132 22579
  120 22949
  141 22762
   88 21850
   44 20166
  157 18214
  138 16550
  150 16162
  159 17092
  107 18836
  179 20572
  156 21463
  152 22033
  124 22271
   50 22061
  180 21287
  183 20002
  131 19524
   66 19779
  105 20175
   52 19390
   69 17158
   58 14365
  101 12117
   69 10993
   76 10799
  123 11304
   67 11910
  176 13010
  137 14270
   69 15912
  121 17262
   82 17602
  219 17585
  138 17495
  104 18522
  129 19849
   78 20376
   62 19580
   99 17418
  130 15428
   73 14112
   71 13798
   86 13809
  150 13840
   76 13836
  127 14289
  139 15175
  150 16421
   98 17635
  137 18562
   83 18939
   65 18416
  231 17695
  124 17179
  101 17900
  103 18899
  106 19424
  168 19056
   75 18034
  116 17607
   74 17162
  134 16876
  128 16348
   82 15989
  113 16180
  187 16604
  163 17563
  118 18837
   87 20161
  133 20747
  120 20164
   91 18870
  184 17962
  188 18080
  153 19483
   93 21202
  137 22384
  129 22251
  181 21333
  173 20726
  163 21210
   52 22182
   91 22340
  124 20933
  106 18510
  133 16641
  140 16064
  180 17096
  116 18650
  135 20216
   79 20809
  138 20459
   80 19197
  192 18074
  128 17681
  156 18431
  124 19754
   43 20412
  144 20160
  103 18559
  194 17494
  181 17469
  145 19187
  148 21567
   88 22978
  148 23094
  136 21747
   79 20245
  108 18968
  109 17919
  171 17350
  173 17355
  121 18412
   79 19805
   94 20382
   26 19218
  153 16887
  105 14573
  181 14008
   79 14981
   95 16719
  225 18252
  113 18932
  146 19878
  128 20536
   91 21089
  102 20587
   70 19000
  153 17354
  158 16184
  144 16540
  102 17822
  142 19304
  107 20023
  173 19956
   92 19523
  105 19225
  123 18922
   81 18222
  177 17630
   76 17009
  115 17154
  133 17287
  141 17558
  105 17820
  124 18061
  186 18668
   34 18841
  140 18985
  165 18579
   82 18212
  166 18247
  144 18566
   67 19196
   83 19109
  133 18333
  133 17171
  129 16457
  133 16816
  204 18136
  119 19746
  121 21173
  102 21646
   74 20932
  185 19550
  171 18291
  152 18538
  107 19811
  135 21286
  206 22022
   69 21720
  156 21422
  156 20998
  168 21061
  137 21312
   58 21421
  189 21445
  115 20596
   68 19703
   96 18538
   78 17266
   98 15919
  171 14761
  185 14994
   97 16543
  160 18949
  110 20659
  181 21395
   91 21093
  220 21006
  162 21361
   47 21938
   94 22049
  149 20774
  118 19032
   55 17209
  209 16707
  173 17215
   99 18620
  135 20143
  114 20926
  158 20980
   77 20063
  110 19167
  148 18340
  155 18002
   97 18164
  133 18620
   83 18961
   94 18593
  149 17710
   82 16687
  133 16368
   77 16275
  129 16497
   48 16160
   94 15531
  208 15069
  131 15237
  142 16849
  143 18875
  128 20746
  135 21453
   61 20901
  173 19967
   54 18562
   98 17513
  135 16505
  157 16073
  137 16572
  194 17937
  109 19907
  116 21385
   70 21588
  160 20531
  116 18906
  154 17933
  114 18008
  162 18828
   75 19578
  127 19670
   98 19057
  169 18247
  159 18016
  198 18850
  113 20604
  168 22404
  192 23656
   55 23693
  169 23224
  139 22036
  186 21383
  146 21175
   91 21589
  181 22169
  110 21898
  105 21317
   92 20064
  179 19110
   69 18235
  172 17975
  132 18200
  175 19016
  104 20009
  175 20900
  173 21674
  136 22121
  169 22766
  120 22968
  160 23134
   63 22383
  173 21450
  122 20208
  132 19471
  174 19470
  195 20173
  172 21735
  164 23377
  194 25046
   86 25672
  134 25333
  126 23770
  174 22022
  109 20660
  147 20220
  213 20699
  108 21387
   75 22023
  176 21861
   46 20764
  143 19271
  136 17788
  187 17526
  104 18218
   66 19235
  157 19833
  129 19244
   55 18352
   89 17211
  101 16217
  151 15430
   97 14994
   76 15254
   69 15582
   56 15197
  180 14342
  196 13915
   37 14918
  158 17025
  160 18777
   76 19544
  104 19242
  133 18489
  227 18306
  113 18665
  132 20069
  132 21329
   71 21605
  161 20813
  139 19320
  120 18639
   88 18491
  129 18659
  186 18703
  153 18832
  142 19744
  123 20927
  131 21837
  152 21835
  151 21286
  151 20982
  159 21236
   59 21540
  213 21667
  148 21286
   86 21052
  159 21007
  125 20819
  125 20600
  117 19915
  185 19703
  134 19780
   59 20074
  115 20047
   93 18998
  170 17762
  154 16935
  105 17413
  193 18943
  124 20394
  176 21649
  104 22022
   66 21843
  116 20757
  100 18798
  145 17120
   99 16032
  112 16207
  115 16717
   85 16972
  110 16798
