  234   936
   97  3196
  191  7778
  164 13329
  111 18441
  153 21686
  169 22590
  112 22526
  143 21897
  134 21507
  187 21298
  163 21421
  160 22129
  157 23132
  168 23970
  101 24182
  118 23517
  178 22407
  151 21333
   53 20644
  123 20136
   94 19197
  149 18005
   85 16845
   37 16120
   82 15474
  131 14427
  170 13795
  125 14150
  112 15981
  190 18297
  113 19969
   58 20546
  146 20062
  107 18912
   98 17734
  111 16784
   76 16254
  140 16015
   91 15709
  136 15812
  136 16174
   54 16726
  124 17118
   46 16529
   84 15500
   55 13826
  121 12550
  127 12047
  103 12541
  145 14123
   75 15614
  164 17022
  124 17618
   91 18015
  205 18507
  127 19062
   70 19819
  133 19979
   75 19353
  131 18160
  108 16780
  137 16285
  124 16517
   80 17110
  192 17865
   79 18066
  129 18445
  134 18483
  123 18575
   55 18374
  165 17936
  156 17658
  141 17827
   79 18587
  109 19210
  152 19266
   82 18457
  153 17845
  148 17643
  185 18534
   83 19666
   92 20533
  183 20650
  160 20112
  123 19950
  188 20465
  128 21541
  128 22381
  138 22426
  146 21911
   78 21034
  125 20078
  146 19178
  143 18563
  179 18802
  180 19911
  133 21638
  152 23114
  130 23702
  101 23181
  157 22000
  108 20630
  143 19763
   68 19066
  161 18738
  122 18311
  169 18327
   52 18571
  183 19051
  155 19423
   61 19447
   73 19222
  144 18285
  199 17568
   39 16979
  122 17426
  151 17882
  112 18122
  142 18156
   35 17865
  124 17722
  128 16906
  172 16442
  192 16936
   88 18551
  146 20728
  119 21632
   83 21262
   64 19559
   88 17397
  124 15494
  154 14381
  122 14691
   76 15898
   67 16982
   98 16892
  133 15805
   47 14490
   99 13875
   73 13584
  148 13621
  110 13774
  126 14535
  162 15995
   64 17323
  131 18338
   99 18178
   59 17445
   80 16135
   61 14547
   96 13179
  124 12202
  146 12453
  163 13946
  139 16363
   68 18647
  107 19721
   85 19114
   93 17428
   92 15574
   89 14333
  201 14271
   87 14956
  196 16780
   57 18371
  101 19481
  103 19132
   88 17658
  132 16279
   98 15237
  196 15747
   90 16657
  152 18248
  135 19378
  130 20050
   85 20107
  166 19686
   97 19179
   92 18551
   52 17749
   93 16463
  108 14964
  143 13846
  176 14178
  213 16165
   79 19123
  186 21887
   71 22960
  129 22494
  100 20742
  136 18942
  206 18206
   74 18277
  179 19599
  127 20466
  107 21063
   87 20591
  127 19497
  192 18610
  128 18206
   78 18839
  135 19489
  163 19749
  152 19615
  178 19865
  115 20782
   59 21599
  120 21290
  126 19677
  113 17806
  115 16671
  173 16828
  107 17673
   78 18499
  111 18664
   67 17805
  152 16634
   89 15492
  149 15442
   93 15970
  113 16806
  194 17597
  141 18262
  175 19647
  146 21116
  118 22526
   87 22736
  161 21857
  179 20642
  185 20197
  124 21025
   58 22080
  139 22269
   71 20663
  172 18620
   81 16897
  178 16802
  166 17754
  166 19383
  140 21216
   35 22039
  137 21866
  144 20109
  117 18425
  174 17704
   99 18182
  204 19633
  121 20685
  136 21579
  114 21745
  143 21421
   82 20616
  131 19452
  130 18548
   96 17835
   70 17411
  168 17008
  152 16889
   55 17038
  217 17904
  147 18869
  129 20167
  182 21295
   48 21848
   86 21547
  131 19829
  140 17959
  201 17001
  130 17710
  127 19761
   72 21155
  170 21389
  153 20419
   90 19434
  111 19116
  155 19028
  108 18951
  115 18618
  111 18334
  191 18380
  178 18928
   56 19823
  100 20581
  166 20397
  172 19703
  139 19260
   64 19568
  196 20403
   59 20336
   80 19522
  115 17938
  153 16618
  156 16285
   99 16806
  183 18424
  145 19828
   86 20854
   81 20765
  137 19781
  145 18490
  100 17460
  181 17583
  126 18401
   62 19356
  178 19753
   78 19224
  136 18627
  133 17996
   98 17878
   65 17735
   93 17082
  141 16207
  120 15308
   98 15319
  190 16225
   80 17421
   50 18223
  181 18180
  132 17584
   78 17247
  147 17350
   93 17698
  159 18012
  126 18059
  122 18393
  149 18917
   99 19325
  146 19608
  161 19515
   53 19424
  103 19096
  149 18346
   87 17421
   59 16482
  172 15980
  120 15898
   51 16081
  159 16477
   80 16546
  105 16525
  177 16408
  110 16718
  142 17670
   85 18494
  183 19281
   90 19254
  105 19087
   54 18416
  203 17636
   94 16955
   79 16711
  159 17109
  107 17379
  103 17696
  110 17445
  209 17690
  149 18293
  171 19838
  123 21610
   89 22693
  107 22408
  152 20786
  143 19178
  116 18367
  159 18794
  122 19561
  107 20113
   69 19787
   56 18505
  161 16766
  124 15234
   55 14758
   91 14999
  196 15597
  108 16118
   91 16780
  210 17897
  144 19138
   80 20276
  169 20886
   93 20791
  106 20155
  169 19223
  170 18834
   87 19140
  116 19781
   87 19883
   94 18927
   86 17251
  138 15727
  185 15324
  111 16149
  135 17971
  194 19779
  144 21201
  112 22015
  104 22093
   79 21303
  121 19650
   76 17543
  154 16079
   77 15376
   72 15431
  223 15890
  146 16582
  107 18067
   68 19313
  129 19893
  126 19101
   51 17505
  175 16479
  123 16105
  101 16742
  154 17557
  142 18376
  172 19349
  153 20275
   80 21221
   79 21331
   57 20028
  152 17809
  171 15796
  124 15496
   93 16788
  187 18639
   78 19711
  149 19912
   40 19178
  136 18256
   87 16985
   95 15816
  159 15344
   78 15277
  124 16071
   87 16389
   73 16457
   74 15678
  100 14525
   99 13558
  120 13141
  114 13652
  170 14888
   66 16280
  153 17581
  111 18174
  171 18551
  163 19023
   84 19689
   76 20272
   91 19607
   93 17981
  208 16234
  186 15983
   50 17448
   74 19303
  147 19843
  151 18922
  152 17829
  210 18267
   84 19982
   69 21599
  107 21499
  103 19617
  120 17271
  141 15791
  171 16089
  146 17582
  142 19604
   79 20942
  167 21321
  101 20622
  128 19679
  158 19043
  105 18891
  115 19147
  151 19178
  134 19245
   99 19149
   82 18943
  178 18628
   77 17991
  126 17654
   89 17320
   89 17018
  119 16501
  101 15756
  121 15509
   53 15306
   88 15290
   82 14656
   55 13629
   96 12601
  114 11944
  131 12270
  148 13466
  158 15534
   89 17670
  151 19330
  124 19964
  135 19929
   86 19474
   58 18702
  152 17735
  146 16640
  150 16515
   40 17016
  187 18132
   74 18444
   86 18073
  185 17450
  105 17048
  150 17680
   96 18277
  180 19268
   54 19399
  160 19341
  102 18812
  106 18224
  164 18006
  113 17872
  114 18352
   42 18227
  163 17938
   94 16880
  123 16216
  148 16250
  119 16935
  210 18381
   72 19471
  101 20451
   55 19970
  150 18616
  108 16759
  148 15738
  185 16415
   54 17783
  184 19527
  135 20140
   79 20258
   90 19608
  125 18563
  172 17702
  176 17438
  152 18661
  153 20672
   87 22337
  143 22753
  220 22105
   84 21311
  131 21205
  126 21137
  105 20774
  174 19980
   59 18999
  111 18519
  124 17847
  148 17438
  149 17366
   66 17725
   91 18308
  149 18104
  107 17433
  178 17056
   90 17361
  194 18673
  163 20001
   77 21053
  182 21713
  103 21473
   84 20924
   99 19548
  101 18039
   95 16551
   95 15334
   89 14735
  216 14866
   63 15578
  185 17135
  142 18652
   97 19948
  129 20510
   60 19854
  206 19140
   84 18014
   95 17833
  189 17997
  147 18527
   59 19197
  139 19407
  167 19442
   72 18972
   71 18378
   56 17275
  114 15800
   70 13989
  105 12788
  150 12697
  101 13625
  160 15358
  137 17005
  179 18815
   48 19929
  123 20386
   62 19480
   78 17598
  138 15611
  153 14404
  122 14901
   95 16231
  145 17850
  182 18827
   46 19164
  137 19248
  191 19127
   94 19098
  159 19431
  185 20064
   41 20754
  153 20934
   76 20051
  187 19036
   69 17925
  116 17634
  235 18056
   75 18624
  165 19924
  171 20746
   69 21469
   93 21178
  156 20048
  108 18754
   60 17499
   73 16615
  122 15677
   79 14609
  106 13888
  179 14013
   86 14953
  154 16579
   83 17751
  154 18558
  184 18882
   77 19146
  149 19776
  156 20096
  136 20477
   83 20328
  127 20023
  179 19628
  156 19389
  221 20239
  177 21995
   48 23946
  143 24722
  157 23632
  100 21622
   71 19604
  177 18468
  129 18012
   94 17996
  150 18341
  146 18741
  117 19229
  152 19591
  191 20183
  130 20948
   75 21607
  125 21589
  180 20797
  173 20014
  167 20194
  167 21566
  127 23234
   93 23931
  145 23212
  118 21504
  171 20076
  164 19597
  119 20178
  125 21103
  158 21559
   82 21242
  111 20298
  137 19179
  116 18252
   86 17649
   58 17042
   97 16227
   65 14827
  143 13661
  119 13177
  182 14185
   61 15940
   63 17463
  120 17738
  147 16816
  187 16278
   91 16690
  171 18564
  154 20299
   79 21258
  141 21189
   69 20100
   75 18690
  125 16871
   75 15322
  150 14610
  108 14640
  188 15865
  186 17651
   62 19627
  154 21224
   89 21270
  117 20414
  119 18787
   97 17537
  200 17281
  136 17714
  164 19241
  229 21117
   59 22829
  149 23869
  142 23381
  109 22189
  170 20847
   62 19786
  138 19429
  146 18850
  131 18639
  195 18928
  136 19841
  165 21459
  153 22630
  172 23482
   60 23394
   89 22452
  170 20835
  186 19246
  125 18844
  201 19936
  152 21882
  143 23553
  128 24158
  141 23714
  148 22783
   46 21411
  132 20129
  149 18680
  120 17797
  100 17521
  114 17700
  161 18102
  149 18351
  100 18805
  103 19223
  136 19350
  105 18886
  150 18275
  106 17907
  161 18231
  159 18924
  160 19946
  145 21107
  174 22186
  167 23124
  146 23639
   95 23705
  201 23369
   89 22515
  175 21830
  115 21199
   95 20790
  146 20324
  170 19684
  119 19553
   79 19519
   62 19370
  122 18283
  135 16668
  129 15579
  126 15766
   71 16733
  116 17552
   85 17264
  103 16363
  151 15561
  142 15592
  160 16767
   84 18243
   80 19349
   78 18991
  125 17506
  101 15738
  144 14873
  192 15571
   85 17174
  103 18943
  198 19914
  126 20185
   66 20050
  143 19753
   98 19137
  120 18285
   96 17318
   79 16616
  141 16195
  135 15981
   83 16175
   92 16451
   82 16498
  175 16253
  109 15919
  153 16470
   99 17531
  186 18899
  224 20238
   50 21259
  164 22379
  101 22309
  121 21562
   57 19709
  146 17985
  143 16893
   87 16459
  125 16914
   87 17130
  105 17227
   68 16470
   87 15472
   74 14309
   94 13344
  168 13089
  117 13616
  165 15387
   85 17319
  176 19125
  105 19869
   63 19729
  156 19080
   93 17946
  143 17380
  125 17064
  231 18004
   93 19369
  168 21124
  187 22508
   40 22833
   78 22188
  127 20111
  140 17992
  134 16466
  128 16506
   83 17474
  179 18499
  171 19151
  162 19887
  202 21303
   77 22829
  161 23923
  165 23648
  121 22793
  152 21955
  151 21534
  202 21901
  106 22270
   84 22609
   81 21896
  158 20259
   60 18091
  169 16634
  143 16406
  109 17246
  137 18475
  108 19129
  137 19414
  101 18955
   82 18412
  148 17736
  124 17194
  144 17255
   78 17561
   99 17990
   72 17626
  136 16635
   72 15418
   57 14480
  166 14207
  138 14341
  140 15412
   98 16824
  202 18653
  183 20180
   94 21384
  141 22287
  113 22266
   66 21349
  124 19494
  182 17856
   59 16991
  134 17147
  171 17741
  116 18404
   71 18815
  131 18801
  162 18539
  150 18296
  188 18958
  128 20331
  156 22059
  129 22986
  118 22882
  213 22297
  124 21748
  160 22039
   64 22139
  157 21976
  180 21117
  184 20565
  199 21358
  110 22902
  133 24536
  157 24636
  115 23563
   79 21786
  127 20065
   77 18496
   86 17000
  155 15872
   80 15249
  109 15396
  109 15703
  218 16477
  121 17466
  143 19090
  124 20660
   59 21178
  174 20674
   87 19066
  197 18303
  143 18333
  160 19690
  107 21133
   79 21659
  143 21162
  174 19752
  121 18975
  131 19041
  149 19870
  119 20520
  126 20607
   96 20076
  174 19533
  206 19423
  133 20189
  184 21836
   78 23153
  196 23852
   65 22962
   76 21385
  117 19341
   72 17156
  149 15751
  165 15099
  159 16231
  109 18080
   96 19851
  203 20762
   72 20437
  147 20048
  152 19631
  146 19777
  123 20153
  176 20616
  169 21346
   99 21822
  141 22205
   97 21720
  187 21009
  115 20118
  166 20018
   89 20268
   47 20187
  107 19174
   55 16856
  181 14961
   72 13748
  152 14412
  181 15967
   87 17769
  133 19330
  156 19909
  144 20273
   59 19981
  177 19797
  139 19448
  117 19307
   99 19303
  121 19168
  144 18916
  184 18668
  113 19041
   98 19793
  145 20414
  169 20412
  135 20179
   51 19920
  162 19853
  204 19624
   36 19323
  126 19261
   94 18803
  104 18056
  132 16882
  148 16252
  175 16906
  100 18230
   80 19647
  200 20166
  107 19878
  123 19575
  145 19443
   93 19525
   93 19293
  136 18492
   82 17536
  193 17009
   75 17009
  150 17758
  116 18377
   71 18592
  106 18179
  107 17038
  169 16390
  155 16341
  170 17774
   95 19645
  156 21261
  119 21706
  166 21333
  180 21007
  150 21295
  124 22206
   95 22609
   86 22006
   89 20047
  176 17942
  136 16655
   89 16801
  191 18028
   47 18950
  146 19385
   87 18663
  110 17787
   52 16652
  171 15803
  153 15640
  130 16254
   88 17697
  131 18814
   79 19049
   85 18060
  155 16831
  189 16253
  140 17130
  149 19060
  109 21017
   53 21642
  114 20568
  144 18429
   60 16487
  110 15511
   87 15169
   97 15040
  162 14947
  105 15171
  157 16240
  120 17530
   50 18552
  127 18578
   73 17441
  113 16116
   65 14763
  166 14387
  136 14740
   63 15635
  137 16767
  150 17360
   68 17645
  131 17542
  126 17405
  122 17412
  172 17714
  101 18304
  106 19059
  152 19395
  178 19554
  157 19870
  138 20735
  132 21879
   66 22164
  194 21596
   62 20075
  117 18840
  161 18022
  135 17887
  199 18697
  143 19929
   97 21588
   82 22100
  102 21220
  188 19425
   96 17779
  148 17637
  118 18294
  164 19350
  166 20130
  188 20952
  170 22278
   70 23350
  120 23714
   88 22304
  154 20180
  107 18106
  159 17384
  166 17995
   73 19053
  100 19856
   99 19346
   94 18065
  140 16531
  175 15949
   83 16534
  154 17910
  200 19371
  101 20450
  141 21265
  167 21656
   92 21677
  196 21471
   57 20893
  115 20387
  154 19484
  104 18609
   76 17922
  193 17575
   68 17603
   63 17471
  134 17046
   74 16117
   66 15109
   84 13996
  143 13465
  113 13406
  135 14281
  120 15717
  114 17163
  144 18223
  166 18789
   93 19223
  144 19686
  152 20031
  142 20246
  168 20568
  105 20943
  152 21444
  102 21297
   59 20492
  116 18972
  108 17144
   87 15750
   96 14872
  195 15030
  154 16002
  157 17901
  173 20255
  118 22215
  115 23150
  140 22684
  134 21538
  111 20299
   44 19182
  141 18166
  111 16918
  157 16245
   58 16124
  111 16601
  108 16823
  150 16624
   90 16427
  132 16582
  128 17217
  170 17940
  100 18678
  101 19176
  126 19328
  121 18845
  161 18394
  125 18227
   75 18628
  138 18927
  126 18700
  155 18363
  161 18437
  135 19342
  149 20645
  171 21697
  141 22344
  166 22676
  179 23040
  151 23499
  115 23788
  168 23730
  107 23065
   75 21859
  136 20328
   87 18608
  111 17260
  110 16272
  160 16148
  156 16754
  143 18065
  123 19651
  110 20665
  132 20853
   99 20034
  131 19021
  137 18238
  187 18319
   90 18961
  157 19994
   48 20333
   72 19600
   76 17609
  202 15532
  136 14701
  156 15782
  172 18416
  170 21092
  148 23110
  143 23878
  125 23884
   59 22839
  124 21161
   94 18879
   97 16903
   75 15469
  133 14816
  164 14929
   75 15515
  128 16633
  141 17488
  166 18295
   70 18695
   69 18787
  162 18420
   66 17318
  159 16558
  189 16474
   64 17480
   45 18481
  130 18362
   69 16978
   55 14901
  126 13343
   71 12586
  162 12912
   98 13730
  210 15487
  114 17434
   82 19293
  140 20272
  133 19956
  132 19362
   56 18443
  126 18016
  163 17514
   89 17187
  177 17495
   65 17951
  141 18687
   87 18520
  200 18282
  153 18336
  120 19173
   94 20412
  123 20749
  137 20264
  182 19296
  131 19147
  137 19912
   76 20752
  146 20840
  202 20258
   80 19643
  117 19751
  127 19812
  141 19711
   82 18999
  183 18545
  116 18515
  100 18848
  131 19151
  144 19064
  143 19042
  155 19214
  139 19965
  123 20732
   67 20923
  111 20146
  143 18654
  159 17494
  140 17458
  155 18618
  155 20319
   61 21320
  209 21608
  182 21281
  142 21512
  164 22385
   91 23181
  161 23429
  148 22505
  143 21613
  150 21116
   46 20876
  182 20697
  127 19800
  167 19401
  148 19581
  161 20623
  112 21778
   64 21878
   88 20853
  147 18738
  160 17057
  187 16835
   90 18182
   79 19925
   65 20243
   84 18625
   90 15922
  164 13866
  182 13815
  200 15933
   84 19118
   82 21618
  115 22048
  118 20436
  159 18411
   74 17080
  196 17427
  117 18283
   64 19140
   90 19084
   72 17840
   53 15904
  183 13977
  151 13421
   62 14371
  138 16231
  117 17579
  130 18115
  137 18016
  185 18398
   53 19053
  122 19656
  142 19511
   48 18491
  104 17281
  132 16045
  155 15690
  116 16018
  115 17143
  128 18294
   51 18569
   75 17841
  119 16201
  149 14872
  144 14667
  115 15780
  166 17755
  135 19448
   64 20285
  181 20285
  174 19901
   76 19789
   76 19723
  123 19258
  107 18137
   69 16581
  102 15389
  197 15065
   97 15577
   97 16746
  107 17684
  138 18063
  180 18072
   78 18055
  191 18907
   68 19553
  171 20169
  100 19882
  122 19431
  116 18985
  174 18656
  125 18891
  132 19294
   82 19831
   86 19558
  122 18538
  123 17059
  231 16658
  152 17661
  138 20143
  183 22634
  114 24007
   94 23918
  150 22556
  129 20962
  119 19685
  156 19171
  154 19399
   46 19698
  126 19657
  139 18881
  136 18006
   66 17417
  141 17388
  136 17554
  170 17876
  147 18638
  123 19762
  203 21228
   92 22013
  172 22493
  100 22107
  186 21793
  116 21311
  148 21110
  121 21100
  129 20868
  125 20587
   56 19627
  127 18641
   70 17105
  159 16074
  131 15561
   64 15917
  157 16804
  128 17354
  126 17918
  132 18217
   69 18508
  123 18473
   77 17621
  144 16723
   66 15769
  126 15509
   92 15475
  174 15767
   75 16232
   86 16692
  174 17165
   62 17028
  164 17182
  129 17205
  198 18210
  157 19595
   77 21086
  155 22127
  140 21856
   71 20949
  172 19745
  194 19246
  168 19901
   76 21100
  170 22311
  100 22360
  109 21380
  147 19976
  173 19053
   45 18871
  126 18917
  129 18638
  153 18105
  164 18056
  123 18744
  207 20374
   59 21490
  187 22266
   88 21743
  101 20834
   98 19475
  103 17914
  180 17043
   55 16401
   81 16647
  140 16543
  149 16446
  101 16444
  102 16806
  141 17544
  121 17918
   55 17828
  119 17296
  135 16609
   73 16024
  153 15904
  141 16252
  135 17248
   74 18148
   57 18408
  166 17823
  118 16648
  192 16467
  115 17330
  106 19113
  107 20245
   57 19770
  141 18317
   65 16270
  110 15119
   90 14444
   87 14315
  125 14381
  180 14740
   89 15753
  139 17162
  137 18506
   37 18942
  178 18681
   88 17682
  139 17241
  123 17119
  131 17644
  122 18295
  134 18667
  145 19117
   99 19183
  104 19240
   89 18679
  105 17722
  158 16740
   37 15982
   67 15626
  123 15032
   88 14242
  103 13645
  139 13693
  112 14616
   62 15588
  139 16272
  137 16423
  121 16582
   40 16751
  121 16823
   75 16191
   71 15024
  135 13966
   99 13455
  122 14004
  109 14866
  210 16313
   72 17574
   65 18607
  129 18720
   60 17586
   66 15913
   52 13852
  142 12597
  137 12129
   88 12866
   71 14247
  114 15326
   98 15623
   91 15133
  171 14928
  116 15378
  136 16691
   85 17882
   88 18437
  149 18104
  185 17558
  204 18119
   40 19512
  202 21508
  167 22439
   89 22471
  109 21823
  140 20827
  204 20271
  144 20015
  110 20771
  171 21761
  158 22430
  117 22491
  111 21960
  189 21493
  122 21052
   73 20675
  123 20123
  105 19106
   98 17882
  167 16895
  113 16703
  149 17468
  134 18552
   39 19211
  127 19005
   45 17522
  140 15906
  130 14559
  138 14639
  128 15887
   70 17251
  175 18400
   92 18372
   85 18121
   89 17382
  125 16609
  152 16078
   76 15849
   91 16281
  182 16751
  178 17456
   36 18164
  114 18844
  152 18911
  179 18612
  172 18734
   71 19631
  150 21000
   37 20969
  130 19731
  140 17615
  100 16243
   76 15972
   79 15917
  160 15942
  123 15579
  107 15874
  166 16809
   68 17848
   65 18298
   75 17373
  105 15692
   60 13823
  104 12641
  126 12477
   97 13037
  152 14283
  132 15657
   99 17102
   76 17896
   80 17716
   50 16382
  123 14554
   92 13065
  209 13051
  119 14474
  101 16881
  202 19224
  120 20557
  117 21259
   99 20953
  129 20366
  178 19531
  137 19081
  154 19635
  135 20610
   91 21425
   79 21071
  131 19650
  114 17893
  102 16602
   86 16069
   80 15839
   93 15413
  148 14838
  188 14939
  114 16124
  161 18346
  145 20415
  166 21833
  174 22511
  170 23020
  217 23977
  102 24835
  102 25287
  178 24566
  143 23106
  145 21843
  186 21413
  100 21813
   89 22080
   79 21257
  160 19590
  117 17751
  153 17040
  169 17732
  135 19254
   87 20677
  124 21024
  150 20468
  184 19713
  128 19659
  124 20419
  183 21460
   37 21638
  192 21251
  115 20135
  124 19528
  122 19212
  105 19039
  115 18872
  110 18136
  191 17925
  120 18000
  152 19058
  104 20097
  107 20600
   93 20059
   72 18515
  146 16951
  163 15908
   87 16095
   76 16860
  176 17641
   89 17754
   71 17409
   46 16544
   64 15189
   87 13366
  109 11699
  105 11190
   56 11701
   83 12729
  112 13247
   55 13138
   70 12747
   96 12325
  114 12203
  155 12658
  163 14057
  149 16425
   94 18845
   85 20287
  181 20329
  119 19426
   59 18576
  182 18245
  116 18172
  172 18603
   42 18813
  171 19247
  149 19224
   88 19011
  179 19159
   79 19122
  159 19584
  151 19510
  100 19631
   68 19466
   67 18599
  154 17293
  110 15674
   63 14960
  202 15332
  153 16478
   72 17982
   91 18929
  139 19029
  176 18543
  185 18370
  141 19448
  165 21438
   69 22910
  196 23253
   68 22046
  146 20705
   92 19387
   69 18275
  172 17480
  159 16845
   72 17220
   95 17737
  128 18119
   92 17629
  176 17001
  154 17006
   66 17867
  131 18906
  182 19386
  110 19395
  129 19414
  186 19886
   81 20392
  153 20746
  138 20581
  124 20328
   93 19904
  132 19411
  170 19038
  186 19072
  137 20048
   88 21279
   72 21785
  177 20960
  170 19472
  115 18702
  139 19240
   67 20013
  100 20010
  105 18593
   60 16627
  105 14978
  129 14049
  109 14079
  122 14724
   58 15537
  108 16035
  126 15829
  155 15645
  143 16100
  121 17381
  119 18941
  160 19903
   48 19882
   97 19063
  128 17723
  191 16796
   95 16714
  104 17577
   94 18486
   74 18304
   61 16947
  106 14917
  120 13493
   45 12838
   84 12948
  155 13226
  163 13900
   88 15085
  117 16714
  177 18244
  104 19062
  106 19338
   58 18876
   96 17917
  154 16539
  134 15552
  157 15928
   98 17264
   92 18781
  161 19326
  107 18912
  125 18418
  188 18399
  113 19049
  158 20097
  136 20882
  108 21301
   94 20914
  158 20037
  142 19168
  121 18754
  166 19198
  126 19911
  108 20546
  164 20682
  184 20693
  233 21366
  122 22758
  112 24445
  173 25164
  129 24462
  163 23170
   89 21809
  199 21403
   70 20978
   83 20464
   96 19237
  148 17662
  140 16633
  119 16436
  141 17499
   73 18427
  160 19031
  122 18733
  151 18591
  131 18821
  228 19840
  138 21285
   48 22398
  147 22699
   50 21183
  152 19083
   89 16770
  180 16054
  164 16712
   79 18184
  141 19746
  129 20128
   70 19791
  143 18733
  143 17881
  134 17722
  126 18162
  164 19104
  122 19955
  106 20399
  171 20504
  152 20364
   65 20259
  140 20080
  138 19609
  189 19325
  139 19520
  140 20538
  149 21757
   66 22094
   91 21308
   70 19143
  163 17001
   80 15325
  156 15131
  107 15885
  142 17120
  106 18106
  160 18640
  133 19080
  127 19403
   98 19743
   92 19463
  144 18810
  171 18031
  175 18223
  131 19429
   99 21037
  192 22091
  153 22166
   52 21667
  158 21034
   85 20013
  131 18976
   83 17694
  128 16949
  117 16609
   57 16337
  167 16378
  121 16230
  103 16675
   53 16882
  185 17084
  118 16960
   78 16914
  162 17321
  143 17813
   70 18383
   86 18301
  120 17738
  144 16866
  184 16599
   93 17298
   83 18586
  148 19377
  101 19057
  126 18208
   59 17236
  184 16987
  144 17045
  165 17911
  186 19540
  127 21408
  140 23052
   93 23205
  171 22531
  142 21229
  142 20536
  175 20698
  106 21229
  101 21658
   94 20990
   96 19529
   85 17527
  165 16028
  100 15462
  214 16321
   86 17844
  131 19569
   88 20279
   84 19687
  139 18352
  156 16956
  188 17110
  147 18442
  115 20634
   89 21942
  137 21785
  135 20445
  160 19176
  135 18910
  131 19585
  157 20558
  183 21296
  181 22057
   68 22646
  154 23052
  134 22497
  140 21467
  149 20523
  125 20184
   91 20295
   56 19737
  174 18683
  157 17401
  126 17209
  122 18116
   88 19212
   44 19290
   73 17689
   91 15210
  136 13139
  117 12521
   95 13404
   82 14816
   98 15680
  176 15922
   94 15877
   77 16279
  134 16784
   58 16759
  138 16316
  124 15630
  147 15811
  175 16878
  103 18461
   61 19751
  117 19711
  139 18652
  201 17608
   51 17406
  165 18462
  110 19324
   53 19348
  128 18403
  120 16934
  165 16383
  165 16728
  182 18570
  170 20955
  170 23238
   95 24545
  123 24435
  138 23153
  144 21411
  142 20176
  155 19893
  133 20425
  111 20945
   91 20867
   93 19861
  140 18402
  210 17466
  128 17779
  118 19319
   90 20737
   60 20742
  117 19104
  143 16828
  218 15939
  108 16819
  144 19214
  138 21259
  144 22135
  135 21920
  181 21420
   83 21235
  126 21121
  138 20715
   82 19765
  141 18825
  123 17997
  134 17887
  147 18147
   78 18612
  171 19094
   46 18835
  123 18359
   78 17179
  167 16307
  123 15991
  120 16479
   89 17512
   65 17798
   99 17266
  113 15762
  128 14723
  113 14546
  170 15617
   73 16962
  124 18089
   95 18267
  144 17891
  191 17683
   36 17799
  117 18457
  143 18421
  112 18043
   65 17264
  127 16696
  138 16492
   96 16356
   96 16498
  118 16575
   76 16479
  131 16148
  101 15716
  132 15715
  152 16241
  156 17336
  184 18989
  104 20581
   96 21740
   80 21420
  124 19900
  139 17924
  117 16652
   71 16483
  106 16711
   97 16583
  120 15969
  142 15540
  143 15913
  168 17286
  116 18944
  209 20706
   75 21660
  162 22188
  115 21813
   81 20898
   93 19566
  122 17894
  173 16931
   96 16545
  103 17252
   86 17767
  157 17871
  145 17541
  136 17599
  147 18526
  123 19694
  142 20642
   68 20526
  159 19950
   92 18873
  170 18282
  126 18176
  184 18928
  201 20429
  124 22052
  117 23511
  166 23816
  109 23195
   93 21761
  144 20287
  114 19076
   73 18178
  193 17741
  152 17818
  121 18643
   81 19570
  135 20036
   91 19448
   79 18059
  162 16836
  101 16092
  117 16341
  123 16834
  205 17770
  156 18933
  107 20370
   87 21469
   47 21064
  161 19394
  134 17091
  158 16188
  118 16873
   76 18347
  117 19195
   53 18370
   61 16603
  131 14525
  190 13585
  126 14244
  155 16443
  138 19105
  154 21110
   70 21698
  143 21178
   96 19925
  107 18585
  176 17756
  123 17555
  164 18465
   72 19349
  112 19977
  227 19878
   67 19431
   78 19327
  145 18977
   65 18266
  131 17166
  159 16262
  122 16473
   73 17224
  124 17959
  159 18138
  141 18009
  166 18511
   74 19360
  166 20366
  162 20683
  134 20719
  144 20872
  128 21148
  125 21402
  141 21054
   71 20307
  160 19475
  172 18891
   74 18805
  154 19195
  133 19485
  209 20062
  115 20549
  156 21541
  129 22317
   90 22293
   98 21348
  120 19511
   98 17844
  130 16645
   78 16156
  189 16400
  174 17202
  112 18615
  141 20242
  152 21344
   68 21526
  123 20640
  105 19202
  208 18212
  106 17979
   99 18708
  199 19775
  139 20468
  195 21345
  177 22221
  176 23774
  167 25148
  168 25983
  127 26040
  106 25131
  156 23765
   96 21931
  160 20522
  137 19635
  135 19598
   89 19785
   65 19497
   68 18301
  102 16194
  146 14403
   62 13465
  121 13891
   86 14614
  117 15223
  152 15530
  126 16001
  169 17243
   59 18410
  119 19302
  168 19153
  113 18637
  125 18453
   96 18474
  112 18638
   99 18096
  120 17299
  118 16612
   74 16238
   91 16100
  172 15925
  133 16035
   85 16632
  182 17761
   84 18650
  138 19210
   75 18887
  159 18439
  143 18005
   90 17917
  206 18621
   67 19125
  115 19763
   50 19102
   99 17755
   79 15744
  143 14112
  116 13724
  154 14533
  178 16543
  111 18599
  139 20437
  123 21155
  170 21271
   72 20665
   61 19793
   88 18365
  121 16480
  157 15084
   98 14699
  215 16136
  100 18102
   66 19834
  184 20399
   60 19626
  170 18823
  116 17976
  169 18324
  111 18984
   95 19633
  199 20107
   76 19767
  151 19792
  100 19375
  123 19200
   92 18621
  115 17841
   79 17061
  122 16237
  119 15832
   88 15602
  181 16060
   61 16533
  145 17333
  105 17586
  120 17709
  151 17730
  148 17953
  223 19174
   83 20531
   99 21973
  137 22060
  144 21091
  120 19776
  120 18887
  203 19169
   58 19589
   88 19923
  115 19224
  125 17970
  109 16770
   93 16073
  156 16333
   64 16572
  103 16805
   68 16259
  120 15484
  157 14898
  116 15006
  132 16204
   82 17422
   91 18158
   74 17507
  144 16279
  139 15336
  179 15692
  173 17514
   87 19791
  115 21493
  135 21562
  153 20666
  128 19620
  124 19324
  110 19531
   49 19273
  162 18459
   94 17077
   65 16092
  173 15746
  137 15994
   99 16849
  119 17671
  103 18256
  125 18216
  128 17760
  167 17688
  157 18295
  126 19564
  176 21008
  106 21814
   96 21889
  100 20911
  132 19418
  189 18248
  162 18146
  130 19453
  119 21076
  171 22180
  172 22352
  161 22295
  142 22610
  147 23162
  104 23275
   77 22361
  109 20559
   96 18321
  217 16922
  116 16724
  108 17980
  171 19587
  149 20686
  100 21092
   90 20659
  160 20060
  140 19231
  158 18981
  149 19464
  164 20640
  164 21961
   97 22674
  148 22768
  109 21970
  154 21018
   92 19935
  189 19497
  146 19614
  158 20362
  131 21374
  119 21972
  144 22060
   66 21079
  130 19870
  116 18371
  127 17469
  159 17276
  120 17781
  199 19091
   87 20184
   66 20856
  129 20292
   87 18686
  110 16962
  123 15660
  124 15556
  137 16174
   83 16985
  119 17605
  195 17900
   85 18151
   90 18528
  100 18496
  136 18033
  153 17329
  153 17249
  204 18551
   92 20387
  115 22028
  125 22175
  129 21160
  107 19687
   41 18193
  196 17382
  139 16830
  103 17197
  133 18024
  151 18990
   66 19449
   91 18946
   96 17809
   99 16318
  139 15265
  101 14899
  124 15484
  114 16317
  179 17335
  182 18423
  118 19812
  115 21256
  127 21854
  184 21674
  133 20991
   62 20522
  170 20342
   57 19623
   74 18444
   85 16582
  122 14958
  132 14097
  139 14309
  150 15820
   43 17324
  162 18494
  117 18417
  130 18083
   83 17733
  156 17787
  120 17991
   98 18015
   73 17896
  140 17373
  168 17005
   42 16702
  117 16928
   69 16683
  117 16129
  179 15423
  151 15627
  120 17192
   98 18968
  182 20345
  107 20431
   51 19841
  185 19075
  146 18399
  109 18391
  151 18837
  209 19914
  197 21406
  122 22991
  167 24514
  134 25061
  119 24578
  127 23149
  180 21703
   45 20544
  164 19902
  102 19190
  143 18685
   81 18196
  154 18000
  146 18147
  136 18460
  154 19343
   89 19953
  169 20576
   92 20303
   94 19735
  202 19074
  103 18677
  145 19099
  134 19599
  156 20357
  138 20752
   97 20805
  109 20579
   57 19459
  162 18135
  120 16711
   84 16175
   93 16267
  113 16377
  105 16207
  138 15827
  129 15989
   58 16455
   75 16760
   71 16065
  173 14939
  134 14210
   86 14791
  107 16193
  130 17299
   81 17516
  150 17094
   84 16669
   85 16515
  165 16512
   98 16466
   76 16593
  103 16498
   62 16059
  153 15328
   67 14510
  152 14583
  118 15160
  149 16382
  144 17741
  140 18952
  131 20098
  142 20644
   88 20736
   81 20004
   84 18614
   67 16652
  160 14972
  170 14313
   59 15059
   92 16468
  100 17206
  135 16966
  133 16224
  114 16110
  130 16891
  154 17978
   82 18767
  134 19011
   98 18692
   67 17968
  218 17336
   89 16953
  123 17570
  191 18541
  122 19680
  197 20881
  123 21691
  148 22650
  156 22928
  108 22718
  100 21963
  146 20747
  119 19668
   80 18638
   92 17831
  167 17202
   98 16744
  181 17050
  121 17924
  108 19155
   94 19782
  160 19558
   45 18605
  154 17613
  158 17117
  142 17414
  128 18492
   74 19411
  133 19850
  112 19052
   99 17995
   50 16762
  164 16015
  165 15777
  175 16538
  154 18468
  134 20831
  136 22658
  183 23193
   95 22779
   71 21789
  179 20687
   75 19299
  109 18198
   69 17074
   79 16152
  104 15052
   84 13918
  101 13385
  124 13363
  124 14140
   79 15018
   45 15542
  182 15624
  139 15415
  213 16278
  122 18196
   90 20632
  195 22284
  123 22311
   63 21532
   66 19947
  136 18289
  165 16709
  156 16165
  112 17144
  103 18788
  137 19942
   60 19592
  110 18319
   28 16424
   63 14579
   47 12533
   82 10715
  127  9779
   68  9846
  132 11256
  126 12937
  124 14804
   86 16129
  111 16900
   96 16990
  113 16525
  155 16214
   72 16153
   93 16520
  143 16676
  135 16720
  128 16932
  136 17591
  100 18493
  137 19069
  146 19167
  159 19229
  158 19724
  118 20609
  137 21453
  182 21794
   96 21652
  114 21270
   66 20360
  125 19067
   99 17352
  132 16093
  137 15831
  162 16610
  137 18144
  137 19627
  169 20899
  183 21756
  199 22755
  109 23720
   96 24352
  111 23726
  203 22167
  117 20496
  140 19922
  161 20429
   60 20915
  102 20682
  168 19435
  128 18308
  160 18057
  145 18872
  130 20238
   95 21021
  104 20800
   93 19553
  116 17887
  130 16633
  143 16245
  168 17004
  176 18612
   67 20294
  165 21452
  116 21414
  181 20939
   98 20340
   84 20050
  151 19793
   68 18818
   72 17644
  101 16044
   80 14778
  144 13996
   76 13762
  137 14434
  176 15525
  122 17005
   74 18366
   37 18676
  184 18075
  114 16601
  135 15992
  111 16446
  118 17612
   93 18369
  122 18124
  192 17822
  151 17983
   63 18996
  138 19944
   90 19891
   56 18666
  143 16895
   89 15379
   90 14777
  136 14773
   65 15062
  152 15481
  116 15762
   91 16280
  196 16990
  127 17864
  140 19146
   45 19777
  163 19949
  119 19091
  169 18360
  184 18619
  102 19742
  176 21495
  118 22247
   63 22097
  154 20878
  162 19501
  145 18888
   59 18874
   83 19104
  147 18575
  175 17625
   93 17160
  153 17786
   69 18748
  115 19132
  184 18676
   53 17856
   96 17517
  127 17084
  132 16825
  171 16765
   60 17167
  139 18129
  108 18441
  161 18477
   76 18069
  149 18011
  166 18377
  136 18927
  130 19829
  146 20518
   65 20811
  111 20160
  201 19133
   55 18127
   77 17731
  108 17236
  164 16720
   68 16045
  153 16049
  166 16837
  140 18109
   96 19432
  128 20110
   41 19801
  140 18534
  126 16929
  105 15922
  139 16032
   80 16602
  116 17257
  134 17218
   79 16967
  175 16901
   78 16975
   57 17197
  158 16964
  147 16558
  185 16903
   91 17935
  117 19616
  121 20397
  111 20004
  116 18914
   73 17634
  159 17057
   81 16568
  188 16820
  130 17405
  104 18497
  141 19523
  158 19961
  113 20137
  129 19982
  132 19979
  133 19848
   78 19494
   67 18688
  152 17585
   53 16185
   91 15155
  199 14733
  121 15260
  114 16695
  124 18166
  186 19481
  117 20069
  128 20435
  175 20799
   90 20914
   66 20643
  123 19489
   58 17716
  141 16018
   57 14658
  144 14369
   78 14458
  134 14994
  101 15509
  144 16035
   66 16573
  186 17032
  144 17650
  125 18463
  120 19496
   89 19923
   88 19584
  146 18291
  140 17215
  143 16996
  151 17941
  115 19319
  122 20327
  167 20607
  156 20561
  159 20792
  156 21517
  120 22343
  202 22957
   69 22802
   66 22041
  185 20637
  170 19272
   87 18717
  113 18909
  167 19555
  145 19840
  155 20069
  101 20364
  172 20932
   97 21056
   95 20629
  104 19546
  106 18158
  155 17152
  173 16861
  158 17950
  133 19755
  155 21596
  124 22498
  130 22386
  141 21662
  190 21101
  136 21088
   69 21364
  174 21536
  153 21090
  127 20626
  103 20267
  151 20250
  147 20217
  118 20020
  119 19910
  112 19669
  164 19504
   53 18937
  126 18412
   90 17560
  152 16916
  114 16536
  144 16829
  127 17756
  101 18546
  145 19123
  140 19073
   94 19009
  121 18835
  168 18789
   86 18686
  172 18874
  135 19190
  159 19905
  120 20563
  138 21055
  107 21084
  140 20563
  121 19894
  190 19490
   91 19593
  176 20231
  103 20709
   88 20675
  116 19935
   81 18441
  193 17390
   56 16552
   98 16727
  158 16892
   99 16977
   83 16967
   94 16591
  141 16399
  125 16080
  166 16470
  169 17678
   91 19328
   82 20524
   91 20206
  101 18600
  133 16618
   62 15218
  153 15027
  154 15581
  122 16736
  149 18121
  156 19450
  103 20494
  169 20960
  122 20971
  179 21016
  130 21142
  128 21484
   91 21469
   63 20540
  126 18922
  147 17007
  118 16098
  112 16296
  144 17331
  182 18536
  141 19607
  166 20828
  110 21845
   89 22224
  138 21534
  208 20382
  103 19694
  179 20176
   49 20892
  172 21283
  106 20513
   74 19243
  198 18387
  147 18051
  158 19070
  160 20369
  143 21982
   75 22648
  136 22178
  149 20911
  165 19744
   91 19370
  144 19714
  160 20191
  101 20285
  173 20351
  134 20324
  144 20735
   98 20878
   64 20491
  153 19459
  153 18106
  203 17881
  171 19037
   74 21179
  104 22668
  129 22247
  177 20709
   67 18992
  207 18693
  147 19323
  119 20480
  195 21588
   94 22042
  139 22290
  140 21681
  103 20960
  115 20009
  156 19231
  179 19108
  171 19688
  137 21100
   91 22344
  131 22633
  115 21586
  150 20054
   83 18748
  107 18141
  121 17768
  139 17416
  163 17459
   63 17770
  143 18514
   80 18520
   64 17830
  162 16647
  140 15773
  232 16537
  134 18472
  188 21560
  187 24140
  117 25556
  121 25639
  199 24617
  167 23653
  104 22954
  129 22740
   78 22081
  178 20982
   89 19411
  111 18400
  146 17986
   80 17839
   99 17708
   52 16807
  194 16114
  159 15688
  164 16744
  116 18790
  110 20742
  209 21908
  134 21825
  154 21917
  131 22072
  198 22674
  167 23120
  111 23386
  141 23551
  194 23312
   86 22787
  141 22089
  180 21523
  127 21238
   79 21044
  114 20535
  136 19658
  116 18486
   82 17581
  191 17367
   71 17500
  154 18059
  123 18385
   67 18488
  149 18348
  157 17904
   99 17931
  125 18164
  158 18778
  130 19266
  163 19759
   82 20111
  122 20280
  137 19870
  164 19326
   55 18816
  121 18576
  183 18479
  101 18288
  115 18463
  144 18708
  122 19088
  129 19171
   85 18949
  113 18560
  126 17903
   97 17239
  191 17075
   63 17256
   93 17846
  109 17765
  129 17174
  136 16564
   92 16348
  137 16989
  107 17475
   68 17638
  161 17305
   92 16744
  148 16744
  117 17017
   52 17446
   66 17242
  128 16118
  184 15116
   53 14701
  160 15768
  165 17255
  140 18798
   91 19811
   94 20063
  119 19621
  161 18533
   47 17505
  116 16910
   95 16469
  164 16235
   95 16094
   92 16365
   42 16561
  111 16009
  165 15104
  134 14570
   59 15267
  180 16696
  116 17912
  119 18555
  229 19144
   62 19778
  163 20855
  158 21266
   86 21296
  107 20677
  143 19694
  225 19322
  201 19795
  139 21791
  175 24244
  100 25662
  146 25488
  152 23833
  182 22339
  104 21611
  137 21634
  161 21794
  123 21525
   54 20869
  122 19735
  152 18479
   68 17249
  132 16683
  139 16626
   96 17022
   84 17243
  159 17270
  126 17226
   87 17286
  119 17528
   55 17321
   95 16624
  101 15317
  154 14442
  183 14728
   92 16229
  130 18380
  146 19787
  109 20230
   79 19649
  109 18605
  163 17691
  157 17279
   74 17644
  122 18416
  108 18735
  139 18455
  155 17969
  121 18025
  146 18875
  184 19969
   40 20661
   88 20485
   90 19077
  193 17390
   97 16142
  116 16297
  152 17463
   91 18414
   70 18671
  169 18004
  121 17360
  122 17219
   88 17530
   73 17708
  122 17255
  136 16306
  153 15946
   89 16370
   41 17198
  184 17557
   79 16933
  186 16657
  175 17162
  117 18865
  186 20981
   51 21982
  111 21968
  164 20488
  139 19126
   79 18346
  168 18420
  197 19212
   87 19960
  116 20718
  149 20872
  133 20580
   51 19684
   96 18542
  175 17447
   70 16501
   88 16142
  113 15939
  180 16150
   92 16456
  167 17340
   64 18262
   60 18592
   91 17698
   60 15598
  120 13690
   61 12290
  160 12442
  103 13228
   53 14434
  200 15609
  152 16480
   87 17688
   75 18485
  179 18960
  180 18917
   86 18899
  149 19563
  172 20359
  135 21096
   72 21146
  119 20655
   65 19403
   82 17553
   93 15510
  112 13978
   78 13358
  123 13519
  184 14438
  136 15856
  183 18042
   42 19868
  153 21030
  172 20808
   61 19883
  215 19465
   79 19261
   95 19686
  120 19283
  123 18504
   67 17455
  100 16388
   97 15708
   91 14944
   97 14478
   78 14080
  105 13969
  127 14003
  200 14738
  169 16378
   69 18670
  158 20752
   54 21130
  146 20218
  132 18481
  173 17687
  164 18286
  158 19899
   84 21632
   84 22020
  159 21185
  160 19580
  118 18689
  143 18902
  168 19924
  116 20826
  158 21342
   82 21204
  149 20817
   91 19906
  123 18957
  175 18319
   85 18085
   84 18348
   84 17992
  149 17307
  148 16441
  100 16330
  126 17146
   68 17830
  122 17955
  152 17280
  161 16986
  193 17906
   94 19645
  170 21645
  113 22414
   80 22021
  132 20654
  134 19052
  146 18204
  128 18063
  120 18746
  178 19584
  116 20170
   88 20412
  167 20244
  188 20072
  130 20289
   88 20798
   49 20876
  138 19847
   43 17521
  161 15442
  166 14541
   92 15340
  103 16992
  147 18169
  173 18896
  115 19095
  193 19913
  115 20874
   92 21644
  173 21644
   87 20735
  119 19780
  136 18808
  136 18443
  121 18409
   86 18485
  147 18604
  106 18252
  149 18089
   93 17933
  132 18117
  151 18374
  152 18706
  124 19330
  156 20071
   89 20642
  138 20635
  217 20409
  128 20424
  153 21287
  113 22151
   90 22413
   57 21124
  118 18806
   96 16356
  152 14881
  173 15084
   76 16413
  116 18127
   38 18538
  208 18078
  103 16919
  105 16676
  119 17179
  133 17805
  112 18211
  109 17944
  175 18069
  135 18342
   85 19022
  197 19711
  126 20134
   91 20412
  118 20213
  109 19554
   99 18517
  160 17513
   71 16972
  117 16938
  130 17010
  151 17198
  166 17742
   48 18448
  163 19349
   50 19072
  111 18198
  151 16842
  179 16341
  168 17384
   38 18949
   82 20231
  107 19467
  109 17505
  129 15531
  163 15033
  140 16263
  156 18282
  133 20169
  202 21567
  120 22352
  141 22852
  192 23082
   90 22894
   82 22352
  131 21036
  134 19519
  147 18291
   92 17842
  168 18359
  151 19093
   55 19608
  106 19506
   89 18449
   98 17006
   49 15230
  166 14191
  128 14001
  154 15017
  146 16884
  152 18963
  163 20844
  110 21784
  104 21993
  116 21182
   65 19702
   80 17759
  165 16039
  164 15362
  121 16095
  168 17987
   87 19819
  104 20695
  101 20053
  136 18679
  114 17415
  175 17113
  127 17832
  136 19064
  120 20141
  131 20518
  141 20365
   87 19750
  159 19363
  108 18903
   94 18658
  182 18497
  138 18555
  159 19293
  131 20222
  193 21481
  149 22395
  122 22971
   92 22932
  163 22169
   74 20799
   81 19128
  203 17914
  127 17387
   72 17824
  105 18289
   62 18093
  171 17162
  100 15955
  191 16053
  131 17235
  155 19279
  181 21192
  119 22271
  161 22980
   64 22554
  117 21672
  134 19969
  107 18378
  102 17373
  161 17085
  143 17585
   87 18205
  127 18820
  117 18873
  200 18876
   67 18784
  131 19159
  134 19352
  142 19326
  145 19278
  111 19287
   79 19536
   78 18983
   86 17641
  119 15783
  100 14399
  175 14338
   80 15232
  181 16907
  129 18357
  167 19683
  165 20814
  103 21607
  112 22058
  166 21588
   80 20671
  158 19697
  150 19171
  123 19302
  233 20156
   80 21103
  108 22073
   95 21746
  102 20397
  113 18344
   74 16392
  186 15747
  147 15971
  150 17494
  104 19160
  160 20574
  110 21048
   83 20491
  193 19752
  153 19171
  135 19611
  111 20359
  137 21054
  149 21068
   98 20442
  177 20024
  105 19725
   88 19732
  145 19424
  180 19034
   57 18772
   74 18543
  200 18331
   91 17773
  156 17762
  121 18112
  136 19044
   76 19475
  155 19321
  106 18714
   78 17928
  178 17628
  154 17592
  178 18597
  141 20068
  173 21964
  136 23243
   78 23413
   63 22274
  130 20009
   82 17468
  107 15496
  211 15014
   96 15854
  105 17591
   72 18622
   51 18310
   86 16477
   78 13997
  100 12289
   85 11592
   79 11971
  100 12575
  144 13227
  157 14212
  148 15799
  136 17936
  122 19842
   59 20586
  103 19879
  138 18195
  102 16597
  109 15892
  127 16043
   95 16560
   73 16703
   65 16153
  102 15062
  110 13892
   95 13277
  221 13925
   81 15440
  204 17905
  134 19987
  159 21715
  111 22497
  166 22520
  225 22585
  111 22596
   88 23126
   84 22680
  138 21302
  120 19063
  117 17345
  132 16912
  101 17285
   64 17636
  186 17495
  195 17451
   70 18064
  145 19372
  127 20292
  125 20481
  140 19908
  131 19411
  102 19293
  116 19168
  218 19257
  127 19454
  160 20481
   94 21509
   74 21802
   88 20598
   67 18065
  189 15868
  185 14969
  108 16265
  153 18701
  186 21023
   50 22100
  175 21985
  205 21372
  120 21200
  120 21613
   51 21658
   92 20749
  143 18536
   80 16310
  131 15181
  110 15197
  103 15981
   89 16399
   73 16213
  176 15854
  160 15747
  193 17019
   47 18871
  127 20626
  164 20989
   86 20051
   85 18837
  180 17915
  123 17788
  114 18058
  165 18739
  108 19377
  139 19899
   91 19793
  121 19379
  114 18566
  108 17781
   68 17057
   90 16241
  102 15409
  100 14524
  167 14342
  126 14988
   92 16421
  168 17906
  132 18890
   59 19215
   62 18650
   80 17219
   93 15184
  171 13598
  178 13648
   90 15439
   59 17722
  117 18825
  203 18514
   75 17601
  183 17761
  151 18822
  192 20600
  119 22042
  163 23015
  150 23480
   46 22904
  113 21686
   99 19427
  133 17480
  172 16347
  133 16731
  116 18225
   66 19366
   86 19371
  165 18100
  135 16779
  116 16561
  136 17419
   94 18514
  127 18991
  129 18657
  104 18139
  186 18063
   95 18362
  134 19095
  160 19608
   97 19868
  140 19924
  125 19624
  184 19708
  114 19835
  171 20543
  155 21332
   53 21672
  131 21385
  156 20163
   84 18934
  140 18107
  114 17863
  155 18179
  106 18434
  162 18927
  178 19584
  122 20414
  180 21549
  145 22316
   50 22582
   99 21707
  145 19902
  127 18029
  166 17152
  108 17605
  177 19057
  109 20235
  168 21032
  142 21253
  105 21248
   86 20957
  113 19930
  123 18612
   56 17021
   72 15802
  165 14926
  130 14663
   52 15020
  100 15660
  135 16034
   74 15817
  146 15533
  168 15784
  182 17144
   82 18975
  190 20840
  134 21844
  149 22178
  121 22020
   46 21283
   95 20041
  133 17960
  111 16186
  131 15324
  136 15841
  139 17170
   45 18125
  105 18264
   74 17170
  179 15901
  169 15405
  110 16366
  113 18320
  100 19628
  118 19766
  108 18599
  212 17830
   86 17821
  121 18796
   65 19344
   79 18769
  131 17203
  189 15753
  237 16292
   96 18514
  129 21712
  133 23447
   92 23124
  106 21220
   84 18816
  156 17257
  112 16409
   78 16428
  147 16770
  170 17246
  169 18183
  189 19692
   74 21485
  107 22626
   73 21924
  193 20118
  114 18184
  120 17587
  148 18245
  115 19079
   96 19549
  154 19213
   86 18674
  167 18320
   50 17985
  161 17951
  170 17926
  135 18365
  130 19387
  134 20323
  104 20937
  140 20550
  125 19815
  134 19178
   62 18727
  139 18388
   87 17656
  114 16860
  149 16383
  146 16564
  100 17466
  132 18411
   87 18912
  137 18697
  159 18237
  121 18111
  168 18799
   43 19436
   93 19605
  125 18484
  127 16988
  113 16013
   95 15898
   95 16426
   56 16312
  116 15630
  130 14621
  164 14489
   77 15341
  190 17068
  151 18757
  107 20050
  132 20789
   71 20550
   99 19650
  134 17988
  172 16920
   84 16718
   92 17385
   96 17847
  116 17442
  169 16756
  140 16580
   99 17505
  113 18670
  129 19273
  148 19092
  161 18845
  168 19363
  144 20608
  146 21995
  141 22802
   69 22543
  179 21653
  140 20451
   98 19737
  115 19421
   97 19065
   75 18298
  138 17043
   60 15825
   94 15005
   79 14383
  171 14213
  136 14545
   65 15505
  152 16910
  145 17810
  121 18457
  179 18939
  191 19976
  125 21435
  146 22768
  162 23478
  100 23245
   81 22195
  118 20549
  167 18931
  186 18154
  124 18697
  113 20153
  143 21352
   95 21376
  117 20367
  168 19155
  150 18690
  160 19275
  166 20567
  122 21929
  119 22614
   98 22188
  202 21223
  128 20250
  101 20050
  150 20315
  104 20327
  146 20070
   76 19206
   89 18423
   92 17310
   50 15881
   86 14352
  108 12936
  137 12543
  178 13352
  126 15371
  133 17942
  110 19828
   55 20266
  179 19458
  156 18243
  119 17982
  165 18794
  146 20156
   80 21122
  158 21166
  111 20477
   55 19363
  138 18185
  134 17125
   81 16520
   61 16119
   81 15668
  127 14869
  109 14039
  139 14052
   69 14774
   81 15732
  138 16072
   80 15646
  116 15265
  119 15143
  138 15701
  138 16545
  109 17512
   88 18260
   37 18000
  136 16928
  116 15301
  103 14387
  112 14526
  118 15376
  140 16418
  164 17276
  109 18235
  119 19156
  175 19895
   71 20005
  140 19791
  129 19220
  136 18895
  171 18954
  157 19577
  150 20821
  113 21804
   81 22090
   58 20890
  152 18792
  113 16640
  162 15783
  219 16766
  135 19102
  150 21865
   77 23318
  124 23220
   68 21246
   99 18681
  187 16716
  122 16000
  176 17145
  166 19046
  174 21381
  116 22969
  125 23560
  169 23248
  178 22475
  166 22265
  144 22666
   91 23253
  100 22977
  134 21529
  129 19576
  105 18116
  158 17740
  154 18247
  196 19452
  137 20925
  233 22793
  152 24455
   79 25453
  179 25424
  112 24054
   67 22194
  107 19948
  143 18156
  149 17104
   98 16935
  172 17824
  111 18813
   56 19381
  163 19148
  193 18560
   31 18265
   93 18246
   63 17667
  173 16580
   79 15188
   60 14560
  168 14860
   64 15155
  144 15723
  111 15827
  123 16452
  156 17183
   78 17785
  174 18528
  152 18891
   70 19393
  144 19604
  128 19388
   87 18942
  126 18224
   69 17481
   99 16732
  152 15971
  130 15736
   95 16158
   72 16797
  164 17290
  102 17090
   74 16768
   93 16377
   73 15762
  112 14977
  108 14085
  165 14130
   86 14935
  142 16442
  147 17772
  125 18684
   68 19068
   71 18613
  111 17486
  174 16088
   66 15310
  121 15602
  140 16443
  174 17460
  142 18480
  113 19562
  105 20515
  185 20785
  124 20525
  148 20315
  110 20401
  113 20527
  148 20283
   97 19501
  157 19002
  145 18785
  166 19396
   71 20033
   70 20203
  143 19442
  103 17833
  145 16703
  182 16632
  127 17947
  125 19705
  135 20904
   85 21024
  141 20229
  124 19092
  120 18350
  158 18239
  109 18587
  223 19531
  192 20753
  110 22449
  126 23798
   55 23693
   85 21933
   77 18639
  187 15897
  173 14859
  128 16098
   93 18498
  165 20381
   75 20778
  153 20028
  155 19127
   79 18714
  143 18900
  151 18994
  139 19284
   60 19242
  100 19038
  109 18139
  114 16837
  162 16040
  107 16100
  168 17364
  111 18684
   64 19492
  133 19279
  134 18293
  123 17507
   64 16999
  153 17137
   60 16951
  122 16593
  100 15957
   64 15360
   56 14765
  159 14048
  147 13854
  131 14547
  172 16533
  151 18915
   42 20635
  132 20916
  122 19779
   88 18138
   77 16693
  127 15818
  112 15445
  113 15383
  125 15784
  113 16372
  110 17022
   73 17161
  120 16875
   90 16136
  126 15583
  107 15358
   96 15555
  143 16059
  141 16584
  150 17479
  128 18510
  159 19766
  102 20565
  148 20868
  168 20770
   88 20506
  145 20447
  144 20230
  184 20353
   68 20386
  174 20746
  186 21037
  164 21498
  147 22342
   52 22796
   98 22493
   96 20444
  139 17952
  159 16191
  168 16371
  141 18207
   69 20084
   98 20882
  137 19982
  102 18306
  180 17224
  163 17441
  149 19020
  127 20836
  108 21929
  107 21779
  104 20427
   73 18606
  164 17057
  147 16375
   66 16625
  149 17437
  161 18157
   83 18623
  129 18782
  114 18689
  169 18670
  120 18643
  207 19358
  160 20611
  145 22231
   75 23267
  112 22935
  111 21324
  169 19252
   93 17906
  156 17802
   55 18217
  111 18331
  108 17610
   81 16366
   89 15364
  129 14674
   71 14542
  162 14757
   85 15236
  137 16047
  135 16848
  111 17566
  127 18181
  117 18368
  119 18512
   99 18200
  170 18082
   99 17982
   80 18063
  156 18092
   84 17725
  149 17504
  146 17407
   74 17801
  119 18192
  145 18180
  113 18004
  191 18081
  131 18815
  183 20298
  131 21680
  148 22728
   72 22726
  134 21795
  112 20253
   68 18441
  185 17364
  100 16784
   59 16987
  195 17286
  112 17533
   68 17786
   88 17596
  117 17077
  141 16271
  137 15845
  154 16579
  125 18009
   84 19391
  169 19984
  212 20047
  111 20377
  138 21307
  124 22097
  157 22281
   82 21442
  132 20340
  134 19354
   45 18414
  116 17595
  147 16579
  162 16310
   99 16751
  159 18077
  178 19577
  121 20716
   76 21256
  125 20902
  165 20037
   90 18917
  115 18296
  114 18010
   92 17802
  117 17321
  149 16816
  190 17092
   64 17957
  137 19238
   87 19603
  109 19038
   63 17575
   55 15793
  185 14592
  101 13922
  195 14946
  133 16788
  112 19210
  116 20734
  131 20833
  127 20137
  124 19116
  135 18777
   98 18660
  136 18744
   84 18435
   75 17778
   81 16651
  104 15309
  134 14331
   35 13776
  122 13975
  117 14160
  122 14560
  152 15257
   78 16211
  112 17316
  114 17595
  109 17366
   90 16710
  139 16307
  156 16468
   83 16951
   94 17599
  135 17787
  164 17743
  161 17933
   94 18697
   96 19673
  191 20151
   79 19774
   54 18932
  113 17771
  138 16610
  139 15862
   71 15731
  220 16803
  130 18142
  118 19694
  104 20559
   49 20289
  150 19128
  142 17315
  190 16806
   76 17436
  115 18995
  198 20114
   79 20157
  110 19886
   93 19057
  136 18375
   96 17401
   79 16581
  173 16316
  119 16376
  166 17323
  145 18519
  113 19941
   86 20672
   86 20142
   55 18444
  139 16225
   90 14480
  142 14003
  135 14724
  142 16275
  181 18170
  179 19994
  122 21765
  129 22876
   87 22924
  160 21912
   70 20124
  186 18850
  105 18205
   90 18301
  130 18489
   97 18110
  110 17614
  174 17058
  103 17222
  161 18018
  116 18972
   97 19657
  182 19826
  138 19682
   96 19789
   90 19692
  135 19361
  175 18704
   82 18149
  195 18573
   93 19256
  105 19988
  142 19926
   91 19175
  101 18337
   98 17270
  108 16576
  164 16112
  142 16401
  120 17473
  117 18732
  149 19684
  126 19913
  159 19881
   47 19650
   67 19090
  134 17814
  126 16197
   47 15009
   65 14395
  142 14238
   65 13813
  126 13668
  145 13978
  141 15185
  161 16973
   51 18464
  167 19527
  120 19424
   97 18980
  134 18409
  160 18202
  171 18763
  188 19866
   78 21372
   93 22256
   87 21616
  128 19656
  126 17421
   50 15922
  218 15945
  137 16653
   55 17914
  120 18711
   84 18495
  104 17506
   85 15879
  121 14931
  160 14817
   94 15507
   97 16608
   53 16989
  142 16726
  116 15779
  189 15552
  148 16583
  105 18558
  187 20652
  128 21655
   62 21746
  109 20740
  192 19493
   40 18176
  112 17406
  153 17024
  126 17009
  142 17429
   95 17984
  221 19108
  158 20100
  100 21313
  142 22136
  155 22293
   86 21759
   70 20397
  106 18792
  103 17010
  135 15709
   89 15113
   76 15255
  165 15723
   88 15975
   87 16174
  124 16191
  149 16369
   70 16511
  107 16651
   63 16459
  225 16273
  136 16398
   64 17327
  105 18491
   83 18605
  106 17654
   91 15809
  117 14734
  129 14558
   49 14958
  108 15383
   71 15048
   73 14337
  100 13382
   80 12672
  146 12744
  125 13401
   76 14683
  162 16029
   49 16746
  133 17014
  182 16838
   48 16859
  116 17240
  148 17367
  105 17477
   70 17158
  138 16909
  142 16780
   57 16616
  145 16751
   63 16539
  158 16489
  172 16513
  108 17199
  119 18463
   53 19103
  162 19065
  118 17907
  133 17242
   51 17019
  144 17218
   63 16951
   45 15898
   54 14350
   72 12442
  159 11266
  121 11065
  130 12688
  117 15049
  116 17266
  172 18594
   75 18883
  180 19180
   84 19132
  123 19222
   97 18794
  114 18074
  179 17635
   95 17418
  158 18224
  112 18918
  163 19768
  152 20197
  106 20482
   77 20536
  189 20116
  139 19572
  183 19551
  126 20345
   80 21364
   72 21419
  168 20093
  123 18311
   68 17018
  202 17103
  172 17970
  140 19552
  164 21195
  135 22572
   94 23062
  101 22239
  123 20592
  183 18987
   67 18072
  170 18301
  184 19048
  104 20037
   92 20729
  149 20699
  154 20282
   78 19457
   76 18772
  115 17908
  196 17197
  100 16869
  165 17648
  166 19170
   77 20588
  122 21156
   49 20151
  136 18553
  100 16553
  102 15399
  171 15336
  100 16023
   74 17115
   76 17302
  107 16698
  131 15523
  174 15003
  150 15919
   56 17654
  108 19107
  114 19031
   83 17754
   83 16116
  107 14943
  104 14445
  127 14445
  147 15047
  113 16092
  148 17480
  181 18857
  202 20371
  107 21866
  124 23113
   65 23089
  102 21547
  143 19089
  131 17039
  169 16693
   74 17470
   66 18519
  151 18505
   65 17383
  123 16176
  148 15473
   84 15745
  168 16635
  100 17431
   79 18063
  162 18100
   87 17747
  144 17556
   65 17209
  119 17169
  125 16805
   74 16312
  121 16045
   46 15483
  122 15162
  157 14685
  146 15022
  115 16262
  105 17834
  139 19079
  144 19316
  164 19361
   75 19419
  112 19659
  113 19338
  161 18614
  139 18055
  118 18234
  121 19047
  135 19611
  183 19944
  147 20144
  189 21061
  184 22488
   93 23824
  126 24323
  120 23410
  151 21833
  104 20130
  158 19308
   85 19052
  177 19232
  112 19324
  113 19375
   71 19150
  106 18364
   79 17090
  156 15742
  119 15218
  142 15765
   98 17015
   70 17887
   94 17812
  147 16789
  107 15856
  160 15805
   75 16583
   68 17390
  167 17520
   76 16813
  179 16537
  134 16797
  118 18057
  170 19407
  137 20356
  114 20973
  141 20951
  116 20718
  142 20221
  106 19635
  106 19158
   50 18335
   86 17074
  117 15464
  107 14104
   89 13679
  154 14207
  119 15339
   76 16403
   40 16732
  119 16115
  126 14908
   72 13898
  168 14036
   30 14654
  143 15623
  176 16068
   81 16531
  145 17402
  163 18317
  155 19546
  134 20391
  141 21228
  151 21759
  111 21746
  111 21312
  194 20673
  103 20176
   62 19885
  142 19408
  145 18643
  124 18022
  144 17972
  198 18940
  163 20480
   98 21987
  178 22999
   94 22904
   87 21974
   45 19985
  170 17841
  120 16077
  121 15540
  169 16453
  155 18078
  140 19977
   90 20995
  195 21521
  174 21473
   65 21430
  162 21504
  136 21209
  148 20915
  123 20436
  103 20213
   66 19757
  187 18933
   53 17770
  149 17048
  181 17082
  189 18191
