  185     0
   44     0
  172   740
   68  2396
  155  5841
  109  9726
  148 13522
  191 15965
  142 17255
  160 18415
  188 19476
  173 21236
  148 22605
  173 23898
  152 24623
  144 25059
  138 25126
  187 24827
  157 24215
   94 23582
  123 23179
  119 22991
  162 22711
  151 21784
   82 20592
   80 19622
   67 19400
  210 19464
  143 18747
   70 17536
  136 16470
   51 16754
   80 17965
   75 18551
   97 17948
  182 15902
  122 13952
  176 13033
  164 13554
   79 15722
  151 18343
  141 20665
   58 21798
  107 21533
   72 20553
  176 19169
   70 17597
   62 16388
  221 15455
  114 15320
  127 15745
   58 16338
  103 17581
  104 18378
  157 18767
  179 17845
   89 16491
   73 16101
  153 16897
  169 18488
   92 19205
   87 19034
  178 18504
  130 18362
   83 18613
   89 18762
  141 18781
  150 18552
  114 18134
   82 17621
   62 17363
  170 17613
  135 17717
  140 17375
   71 16592
  128 16540
  130 17245
   97 18224
  105 18503
   83 17985
   84 17400
  128 16784
  139 16287
  140 15533
  173 15081
  110 15415
  125 16778
   90 18610
  130 20171
  102 20599
   62 20027
  156 18769
   70 17418
  104 16535
  105 15780
  110 15562
  151 15300
  148 15278
  130 15517
  105 16130
   94 17445
  130 18707
   79 19478
  207 19240
   46 18168
  123 17422
   85 17036
  105 17455
  144 17488
   95 17028
  170 16350
   55 15755
  145 16335
   90 16886
  155 17753
  133 17685
  160 17498
   58 17408
  164 17896
  174 18772
   36 19354
   96 19611
  110 19289
  119 18930
  112 17886
  143 16772
  135 15664
  118 15539
  155 16370
  148 17567
  186 18760
  182 19522
   93 20392
   78 21481
  180 22650
   93 23165
  121 22525
  195 20878
  132 19288
  113 18582
   68 18969
  142 19995
  121 20469
  176 20188
  206 18917
   39 17984
  147 18290
   79 19554
   85 21122
  131 21044
   74 19713
  132 17589
  145 15828
  153 15234
  110 15253
   77 16283
  122 17516
  178 18633
  150 19006
  102 18548
  136 18237
  147 18590
  129 19575
   53 20336
  200 20470
  109 19901
  103 19345
  109 18769
   72 18623
  121 18532
  134 18138
  165 17433
  187 16333
   78 16130
  137 17037
  147 18871
  105 20650
   64 21240
   95 20836
  134 19692
  150 18283
  104 16953
  163 15960
  126 15909
  189 16884
  104 18279
  125 19725
  128 20650
  155 21235
  129 21245
  175 20765
  136 20251
  127 20097
   52 20620
  152 21287
  163 21379
  114 20578
   83 19261
   70 18314
  192 18218
   98 18204
  180 18033
   96 17251
  103 17312
   56 17997
  135 19126
   72 19284
  101 18205
  128 16518
   85 15001
  187 14465
   87 14459
  146 15309
  151 16147
  151 17474
   83 18479
  116 19447
  149 20048
   97 20092
  157 19773
   82 18907
   89 18454
   88 18138
   62 18129
  120 17555
  141 16332
   78 14923
   52 13894
  133 13941
   97 14453
  162 14942
   76 14826
   64 14770
  194 15085
   92 15838
   87 16511
   91 16617
  159 16808
  131 16712
   55 16787
  206 16715
   94 16703
  118 17314
   70 17770
   81 18489
  100 18467
  106 17897
  212 16664
   50 15083
  172 14656
  139 15090
   73 16929
   99 18434
  157 19342
  105 19267
  165 18433
   97 17735
  107 17432
  191 17878
   61 18532
  185 19058
  150 19024
  104 19196
  149 19302
  111 19908
   92 20405
  143 20467
  103 20182
  172 19267
  101 18408
  101 17974
  121 18012
   69 18508
  127 18694
  184 18194
   99 17337
  159 16534
  101 16664
  112 17729
  175 18942
   88 19744
  176 19741
   48 19283
  115 19276
   92 19091
  126 19026
  104 18047
  159 16847
  206 15926
   68 15736
  178 16899
   92 18411
  171 20334
  104 21094
  179 21281
  160 20606
   85 20227
  166 20420
  138 20793
   82 21397
   77 21215
  149 20871
  140 19840
   69 18667
   78 17563
  128 16869
  129 16694
   39 16460
  196 16085
  131 15498
  159 15482
  157 15927
   79 17232
   89 18874
   59 20328
  174 20973
  134 19806
  100 17984
  133 16168
   60 15885
  154 16805
   86 17667
  133 18031
  145 17288
  112 16780
  111 16663
   95 17169
  155 17961
   95 18202
  175 18246
   30 17762
  126 17791
   86 17794
  174 17894
  133 17245
  114 16463
  156 16209
   47 16840
  135 18367
   62 19130
  155 19288
  116 17980
  176 16783
  118 15862
  116 16172
   86 17425
  193 18852
   53 19773
  143 19708
  129 19046
  105 18427
  119 18063
  143 17921
  175 17946
  106 17858
   72 18330
  138 18868
  130 19588
   75 19629
  142 18953
   82 17929
  121 17180
  160 16791
  178 16726
  106 16714
  133 17260
   99 18432
  133 19862
  174 20711
  140 20481
  178 19747
  154 19287
   77 19939
  167 21185
  199 22327
  146 22596
  171 22133
  203 21827
  145 22253
  138 23443
   86 24736
   92 25432
   78 25047
  186 23505
  238 20899
   75 18341
   90 17188
   83 17972
  158 20070
  120 21101
  145 20474
  110 18555
  148 17327
  168 17476
  166 18444
  185 19514
   87 20278
  178 21401
  133 22432
   80 23337
  118 23193
  103 22372
  187 21056
  116 19461
  108 18410
  147 17824
   82 18321
  185 19086
  119 19405
  100 19398
   79 18972
   99 19079
  131 19004
   99 18426
  187 17330
   82 16052
  160 15931
   68 16518
  151 17942
  145 18745
  119 19009
  107 18707
  170 18433
   86 18659
   80 18951
  150 19266
   85 18995
  116 18447
   95 17527
  189 16888
  154 16335
  176 16498
  148 17147
  108 18696
  143 20730
   95 22377
  120 23117
  172 22310
   89 20903
  150 19465
   82 18692
  145 18741
  121 18804
  133 18900
   75 18520
  121 18266
   75 18145
   68 17959
  117 17472
  139 16362
  184 15180
   47 14279
  221 14648
  142 15788
  114 17836
   98 19418
   81 20690
  182 21158
  134 20631
  202 19679
  178 18343
   97 18490
  162 19814
   71 21975
   80 23600
   96 23431
  138 21958
  166 19335
  102 16995
  153 15780
   87 15941
  114 17442
  110 18714
  141 19359
   46 18843
  129 17988
  137 17173
  101 16628
  132 16286
   87 16097
  200 16416
   84 16783
  107 17577
  148 17990
   63 18567
  147 18794
  156 18522
  153 18110
  105 17481
  116 17816
   90 18616
   91 19630
  164 19906
  171 19032
  130 17797
   52 17016
  173 17598
  168 18775
  164 19775
   63 19834
  164 19792
  141 20028
  120 20650
  149 20864
   61 20474
  170 20087
   85 19617
  198 19523
  193 18796
  137 18550
   81 18856
  130 20277
   90 21993
   78 22620
  115 21815
  113 19595
  165 17353
   87 15703
  165 15373
   98 15849
  134 17131
  191 18170
  142 18922
  114 19331
  115 19759
  118 20652
  114 21206
  139 21210
  136 20226
   66 19038
  178 18302
  135 18070
   61 18292
  122 18402
  111 18497
  148 18415
   94 17913
  170 17424
  104 16924
   77 17287
  151 17934
  133 18517
  161 18624
   58 18155
  128 18139
  107 18257
  146 18742
  116 18525
  162 17959
   86 17440
   58 17594
   83 18330
   67 18665
  187 18076
  120 16226
  201 14549
  109 13751
   74 15149
  151 17599
   90 19970
  130 20942
   87 20074
   94 18810
  137 17425
  165 16826
  146 16430
  196 16390
   88 17077
  127 18610
  132 20536
   97 21939
   94 22025
  117 20981
  124 19462
   91 17963
   85 17051
  190 16447
  119 16223
  149 16291
   65 16632
  183 17638
  150 18604
   76 19456
  108 19667
  117 19550
  161 19439
  187 18875
  154 18383
  162 18067
  118 18967
   93 20835
  103 22623
  133 23293
   94 22297
   96 20351
  102 18367
  209 17011
   84 16323
  129 16341
   99 16787
   89 17839
   96 18678
   79 18809
  214 18002
  138 16461
  123 15665
   89 15744
   61 17377
  106 19108
  145 19838
  109 18937
  112 16919
  119 15513
  108 15312
  151 16164
   71 17034
  101 17530
  148 17539
   26 17437
   94 17140
  143 16529
   98 15783
  160 14835
  129 14355
  170 14667
  140 15774
   85 17676
   90 19404
   66 20638
  162 20794
  125 19546
  170 17778
   41 16100
   84 16019
  149 16911
  127 17906
  139 17861
  172 16903
  169 16453
   72 17018
  127 18871
   81 20557
  155 21470
   58 20837
  172 19437
   80 17728
   99 16847
  182 16573
  128 16735
  133 17091
   55 17373
  181 18320
  157 18866
  144 19372
  104 19107
   66 19157
  156 19682
   94 20087
  134 19967
  176 18647
   67 17552
  185 17166
  137 17704
   62 18804
   78 19469
  215 19881
  130 19433
  172 18617
  130 17949
  138 18296
  185 19730
   97 21384
  179 22473
   97 22468
  114 22337
   60 21777
  134 21381
  134 20218
  151 18687
  133 17197
   44 16439
  162 17020
  187 17915
  132 18717
  136 18646
   83 18759
  148 19480
   93 20430
   96 20944
   77 20130
   99 18838
   75 17371
  117 16149
  150 15079
   88 14158
   92 13971
  125 14442
   91 15485
  152 16253
  145 16477
  148 16399
  145 16525
  154 17432
   61 18824
  115 20297
  151 21071
  110 20817
   71 19723
  111 18418
  100 17545
  130 17043
  119 16604
   74 16048
  133 15746
   54 15847
  153 16282
  103 16244
  181 16041
   83 15571
  161 15941
  126 16806
   97 18111
   92 19172
   90 19528
  100 19351
  132 18306
  104 17107
  119 15818
  141 15269
  128 15452
  138 16222
  106 17151
   84 18055
   88 18704
  150 18955
  147 18423
  167 17420
  187 16598
  199 16848
  115 18443
  122 20945
  120 23341
   58 24706
   89 24482
  148 22665
  122 19997
   49 17349
  150 15767
  133 15282
   75 15674
  114 16138
  101 16460
  161 16629
   98 16550
  168 16604
   84 16596
  184 17254
   94 17992
  103 18943
  145 19421
  147 19494
  169 19298
   60 18863
   63 19043
  120 19269
  170 19564
  166 18717
  152 17308
  205 16455
  112 17188
   92 19625
  149 22128
   71 23591
   75 23308
   62 21622
  101 19426
  113 16985
   65 14967
  112 13455
  148 12730
   66 12918
  120 13571
   96 14461
   44 15275
  139 15699
  176 15636
   86 15112
  106 14690
  113 15075
   99 16182
   89 17316
  174 17697
  144 17141
  140 16503
  132 16483
  181 17471
  109 19005
  108 20485
  103 21378
   55 21557
   99 20999
   91 19572
  178 17678
  139 15526
  117 14383
  164 14510
  161 16089
   49 18228
  172 19998
  198 20870
  143 20830
   96 20436
   92 20448
   76 21025
   86 21488
   74 20934
  115 18892
   83 16259
  176 14118
   79 13094
  155 13403
   82 14359
   62 15886
  189 17076
  146 17528
  162 17362
  121 16879
   68 17548
  118 18838
  151 20318
   86 20582
  154 19508
  175 18090
   76 17300
  139 17644
  100 18562
  222 19466
   78 19588
   90 19583
  176 19353
  158 19588
  116 19769
  168 19666
  144 19778
  114 20072
   85 20922
  146 21492
  101 21386
  144 20562
   82 19277
  154 18284
  111 17685
  111 17667
  151 17798
   87 17927
   83 18131
  131 18127
  137 18109
   69 17554
  176 17010
  159 16526
  130 16664
  153 17308
  165 18451
  177 19806
   65 21029
   94 22115
   99 22494
   83 22255
  120 20798
   69 18579
  124 16374
  140 14762
   73 14350
  156 14538
   60 15137
   87 15954
   86 16410
  109 16618
  167 15938
   92 14988
  169 14460
  126 14643
  131 16104
  162 17650
   95 19172
   41 20071
  187 20369
  123 20089
  108 19123
  135 17962
  184 17333
  158 17506
  116 18409
  137 19616
   81 20705
  169 21660
  135 21659
  147 21041
   90 19893
   70 19377
  152 19448
  146 19504
   54 19031
  181 17943
  111 17179
   40 17124
  102 17516
   71 17817
  124 17407
   87 16146
  145 14789
  149 13602
  109 13662
  134 14615
  164 16182
   47 17817
  135 18932
  162 19443
  174 19279
  160 18668
  158 18443
  129 19110
  144 20679
  114 22431
  199 23288
  156 23055
   99 22258
  134 21710
  125 21776
  148 22046
  144 21747
  125 21031
   69 20143
  157 19877
   82 19820
   77 19638
  197 18819
   78 17689
  170 16891
  128 16528
  115 17200
  123 18028
  136 19133
   84 19681
  151 19649
  167 19279
   84 18656
   89 18477
  137 18562
  197 18865
   81 18752
  102 18518
  127 18318
  115 18697
  149 19014
   78 18815
  151 18298
   50 17698
  173 17803
  232 17661
   93 17592
  137 17653
   62 18513
  109 20353
   99 21361
   72 21184
  194 19150
   67 16768
   99 15398
  120 15034
  131 15881
  158 16418
  138 16737
  103 16958
   55 17460
   96 18607
   62 19188
  116 18794
  123 16971
  173 14850
   74 13431
  130 13603
  151 14971
  108 16781
  135 18106
  100 18607
  205 18812
   84 18692
  105 19031
  162 19189
   55 19575
   71 19653
   85 19167
   90 18285
  165 16605
  121 14986
   87 13795
  151 13757
  154 14958
  139 16540
  204 17881
  107 18796
  129 19791
  122 21008
  185 22165
  128 22383
   69 21930
  223 21190
  137 20650
  163 20683
  108 20617
   55 21174
  128 21649
  116 21832
  176 20987
   67 18966
  184 17449
  133 16706
  100 17559
  122 18635
   93 19514
  109 19851
  153 19365
  111 18632
  134 17594
  139 17147
  170 17343
  187 18036
   71 19003
  160 20098
  110 21107
   60 21967
  128 21800
  135 20786
  194 19107
  118 17455
   86 16976
  182 17521
   80 19012
   96 20256
  111 20413
  170 19812
   97 18526
  158 17662
   83 17241
  190 17612
   57 18295
   70 19031
  138 19219
   77 18817
  133 17893
   93 16471
  150 15602
   90 15002
  150 15545
  141 16143
  124 16975
  144 17677
  156 18327
  174 19147
  123 19768
   64 20608
  206 21277
  162 21674
  171 21539
  156 20942
   95 20934
   83 21693
  121 22811
  125 23104
  105 21751
  156 19604
   95 17597
  161 16876
  137 17080
  138 17905
  143 18638
  151 19364
  111 20017
  145 20569
  108 20970
  133 20978
  151 20681
   76 20140
   56 19647
   95 19202
   79 18666
  155 17492
  156 15775
   87 14234
  155 13837
  101 14927
   89 16871
  180 18352
   92 18908
   88 18617
  155 18124
  117 17959
  116 17855
  166 17833
   95 17835
  170 18059
  165 18544
  161 19191
  103 19800
  157 20672
  136 21489
   83 22110
  143 22141
   63 21410
  139 20493
  156 19172
  191 18138
  153 17247
  169 17450
   70 18787
  173 20940
   87 22734
   63 23273
  131 22325
   94 20488
  193 18542
  156 16753
  172 16116
  149 16417
   76 18346
  139 20697
   68 22432
  183 22822
   49 21346
  131 19617
  191 17815
  163 17101
   97 17078
   93 17779
  121 19186
  137 20252
   81 20656
  158 19708
   97 18344
   80 17450
  195 17222
   69 17375
  186 17540
  156 17439
   46 17935
   75 18576
   76 19478
  116 19645
   46 18367
  146 16377
  165 13998
  137 12936
  133 13141
  157 14670
  138 16941
  139 19069
  115 20695
  204 21378
  104 21427
  129 21330
   83 21226
  112 21366
   95 21085
   77 20236
  154 18757
  167 16964
  150 15834
  157 15518
  162 16614
   53 18508
  206 20709
  133 22013
   69 22279
  147 21545
   68 20725
  116 20081
  127 19184
  152 18257
  144 16953
  144 16487
  106 16866
   51 18106
  148 19542
  123 19979
  199 19434
  110 17975
  111 17246
  123 17623
  111 19076
   52 20258
   68 20256
  146 19172
   94 17257
  122 15547
  105 14217
  113 14041
  129 14634
  100 15690
  135 16515
   73 16865
  136 17139
  179 17105
   66 17154
  154 17164
  165 17384
  140 18080
   79 18713
  138 19536
  173 20000
  158 20188
  115 20051
  208 19841
  172 20155
   87 21051
  149 22271
  177 23191
  167 23500
   59 23054
  145 22535
  194 21945
   61 21618
  124 21144
   89 20442
  156 19909
  150 19082
  226 18463
  200 17813
  103 18279
  134 20200
   69 22823
  148 25020
  157 24921
   94 23146
  150 20499
  135 18741
  161 18417
   85 18805
  149 19612
  115 19920
  175 20157
   99 19943
  168 19720
  132 19572
  126 19808
   56 20268
   99 20607
  137 20465
  108 19453
  124 17996
  110 16451
  139 15893
  112 16092
  160 16957
   97 17591
   51 18155
  170 18518
  190 18572
   56 18256
   89 17721
  106 17686
   77 18085
   46 18211
   64 17419
   79 15682
  166 13723
  126 12113
  220 11336
  157 11764
   76 13902
  110 17208
  102 20543
   74 22395
   66 21904
  135 19868
  112 17095
   59 15054
  148 13992
  119 13889
  169 14448
  165 15071
   98 16081
  143 17385
  109 19034
   90 20521
  155 20945
  118 20430
   68 19248
  171 18256
  103 17740
  105 17613
  153 17576
  151 17646
   94 17743
   80 18117
  208 18648
   66 18894
  165 19023
  151 18587
   62 18599
  101 18800
   85 19233
  187 19313
   84 18312
  115 17284
  199 16266
  147 16489
  120 17397
  160 18650
  102 20084
  106 21115
  129 21723
  146 21417
   99 20381
  160 19250
  203 18473
  155 18418
  114 19071
  156 20291
  106 21819
   87 22952
   42 23090
  153 22057
  163 19993
   99 17721
  149 15988
  104 15541
  152 16560
   91 17941
  107 19166
  154 19299
  105 18965
  116 18444
  130 17989
  138 17950
  141 17926
  124 18193
   96 18482
   84 18903
  146 19285
  174 19136
  132 18476
  120 17729
  152 17730
  119 18686
  106 19976
   65 20746
  106 20658
  159 19727
  144 18348
  102 16951
  147 16227
  162 16611
  125 17795
  138 19118
   90 19990
  195 20500
   69 20561
  161 20543
   79 20030
   89 19756
  151 19261
  121 18711
  176 17974
   64 17106
   95 17276
   97 17736
   76 18613
  188 18385
   87 17196
  128 15951
  154 15228
   51 15985
  155 17124
   66 18046
  165 18392
  165 17722
  108 17293
  123 17028
  157 17686
   79 18870
  135 19738
  145 20094
   74 19636
   90 19035
   68 18466
  121 17982
  157 17073
  125 15947
  111 14917
   92 14911
  211 16013
   43 17353
  181 18512
   86 18677
   82 18910
  105 18796
  135 18653
  174 17993
   83 16903
   70 16538
  177 16647
   58 17592
   70 18082
  144 17807
   86 16993
   75 15967
  117 15254
  130 14881
  154 14648
   79 14773
  182 15247
   82 16100
  161 17407
  144 18312
   55 19054
  124 19310
   54 19292
  126 19132
  159 17999
   96 16755
  123 15444
  110 15241
  121 16075
   76 17064
  171 17843
  152 17655
  117 17355
  113 17277
  124 17875
  138 18891
  110 19551
   86 19682
  134 19172
  115 18605
   84 18063
  189 17574
  110 17120
  164 17021
  165 17296
   41 18289
   61 19487
   53 20426
   61 20370
  171 18509
  125 15585
  136 12742
   82 11614
  143 12872
  124 15194
   51 17425
   67 18355
  172 18100
  108 17214
  124 16027
  168 15224
   87 15248
  129 16321
   93 17767
  167 18956
  128 19055
   73 18763
  160 18305
  112 18238
   81 18497
   76 18444
  106 18309
   95 17574
  118 16638
  184 15502
  101 14612
  165 14724
  159 15716
  145 17600
   83 19360
  170 20817
   88 21487
  121 21522
   80 20876
  184 19901
  197 18767
   57 17944
   82 17928
  116 18598
  152 19674
  161 19631
  140 18730
  227 17547
   71 17549
   89 19247
  108 21262
  168 22637
  109 22066
   93 20365
  174 18591
  105 17637
  135 17906
  163 18303
  122 18870
   92 19148
  160 19610
  187 19969
   73 20011
  121 19989
  132 19927
  114 20149
   96 20019
  205 19497
  140 18611
  121 18133
  170 18433
  100 19473
  188 20784
  139 21491
  111 21809
  141 21550
  115 21517
  153 21425
   95 21069
  170 20597
  133 19790
  172 19544
  163 19472
  173 19977
  185 20820
  119 21921
  105 23263
  119 24156
  213 24473
  126 23554
  156 22210
  104 21004
  186 20964
  159 21519
   67 22129
  148 22229
   51 21848
  125 21495
   61 20361
  146 19018
   54 16952
  159 15534
  126 14617
  149 14577
  140 15129
  116 16112
   92 17622
   80 18905
   76 19817
  172 19424
   66 18141
  128 16464
  137 15252
  189 15160
  117 15734
  182 16920
   79 18289
   45 19885
   83 21189
   71 21307
  190 19894
  157 17020
  196 14613
  179 13662
  143 15455
  184 18798
   77 22369
   65 24863
   82 25330
  133 24276
  174 21606
   91 18522
  101 16202
   93 15480
   78 16441
  196 17435
  139 17532
  110 16847
  103 16349
   95 17135
  157 18424
  121 19226
   85 19017
  143 18124
   91 17651
  168 17636
  165 17708
  141 17820
  171 17992
  168 18905
  100 20386
  152 21902
  180 22959
  183 23121
  152 22747
  142 22431
  163 22688
  190 23455
  146 24170
  171 24380
  119 24278
  157 24272
   73 24286
  202 24142
  151 23203
   85 22051
  147 21024
   61 20633
   88 20770
  157 20320
  175 19337
  148 17588
  103 16601
  184 16982
  140 18522
  152 20480
  121 21550
  141 22033
  128 21994
  104 21883
  131 21585
  144 20879
   99 20096
  113 19303
  134 18872
   50 18606
   80 18417
   47 17930
   88 17066
  167 15523
  168 13761
  164 12421
   82 12504
   88 14573
   54 17501
   78 19910
  124 20029
  138 18080
  137 15346
  104 13508
  146 13632
  189 15112
   58 17115
   53 18710
  158 19594
  145 19710
  150 18904
   88 17645
   86 16957
  118 17253
  141 18229
  190 18552
   52 17955
   49 17440
   82 17529
   83 18182
  113 17804
   59 16054
  155 13846
  110 12265
   53 12372
  125 13285
  144 14510
  136 15311
  107 15574
  198 15974
  163 16558
   42 17887
  152 19424
  101 20648
  131 21185
  112 20435
  114 19284
  119 18020
  128 17475
  172 17488
  137 17569
  104 17978
   99 18510
  211 19476
  140 20060
   93 20222
  122 20073
  155 20230
  103 20576
  126 20614
  132 20123
  131 19353
  179 18882
  157 18756
   78 19085
  174 19746
  211 20619
  187 21321
  126 21669
  123 22195
  183 23188
  120 24319
  109 24804
  186 24068
  129 22820
   60 21694
   69 21110
  143 20779
  172 19939
  109 18507
  194 16993
   99 16354
  150 17384
   91 19120
  166 20835
  135 21233
   69 20829
  129 20119
  122 19479
  115 19171
   70 18466
  180 17927
   69 17173
  167 16978
  137 16837
   68 17160
  150 17632
   88 18175
  129 18665
   93 18353
  172 18015
  145 17237
  110 17133
  117 17461
  148 18300
   91 19304
  114 19749
  162 19667
   96 19027
   78 18479
  103 18129
  174 18028
  127 17651
   87 17188
  187 16869
  117 17176
  163 18135
   67 19016
  168 19905
  134 20140
  110 20282
  230 19974
   92 19585
  149 19807
  156 20245
  107 21402
  108 21906
   96 22003
  110 21416
  155 20225
  150 18983
  184 17706
  144 17289
  116 18023
   83 19668
  175 21496
  165 22259
  152 21798
  162 20695
  206 20137
   81 20733
   77 22171
  200 23459
  130 23663
  116 22741
  147 21137
  115 20098
   94 19793
  193 20065
  146 20043
  144 19675
  141 19418
   87 19846
   60 20803
  116 21484
  179 21082
  188 19391
  121 17484
  136 16635
  166 17642
   94 19834
   96 21767
  153 22381
   81 21712
  155 20379
  177 19004
  166 18143
  167 17945
  141 18811
  173 20462
  131 22251
  166 23680
  132 24056
  101 23927
  174 23346
  146 22667
  148 21991
  104 21244
   66 21030
  105 21008
   84 20865
  176 19898
  127 17956
  143 16265
   66 15494
   59 16412
  137 17828
  153 18529
  142 17914
   66 16460
  135 15882
   32 16331
  101 17581
   51 17825
   96 16940
   72 14984
  175 13165
  208 11972
  130 11816
  148 13179
   93 15718
  110 19166
  131 21576
  158 22371
  107 21209
   92 19594
  163 18593
  111 18417
  133 18715
  158 18677
  131 18667
  168 18768
  172 19277
   98 20097
  118 20972
   74 21791
  101 22104
  114 21425
  147 19826
   74 17702
   89 16195
   67 15674
  111 15887
   97 15945
  122 15345
  120 14384
  134 13801
  108 14122
   85 15137
  127 16421
  174 17239
  157 17522
   76 17425
  136 17731
  134 18534
  103 19572
   83 19949
  112 19556
  142 18647
  137 17679
  108 16985
   48 16662
  180 16983
  107 17396
  111 17690
  159 17344
   85 17109
  180 17307
   97 17825
   79 18635
   84 18880
  132 19055
  143 18454
  112 17406
  204 16396
  153 15931
  158 16938
  144 18646
  183 20862
  187 22536
   81 23592
  156 24134
  146 24132
  125 23991
  110 23169
  119 22199
   99 21095
  123 20190
  124 19408
  137 18491
  139 17734
  132 17357
  207 17643
  109 18362
  158 19500
  107 20576
  111 21734
   92 22190
   60 21938
  189 20768
  118 18866
   65 17274
  122 16149
  162 16260
  105 16744
  130 17223
  114 17449
   73 17646
   75 18094
   40 18290
   95 17790
   97 16238
  163 14251
  212 12390
   97 11814
  103 13026
  165 15727
   46 18871
   57 20796
   89 20864
  199 19349
  116 16923
   75 15050
  154 14328
  143 15173
   52 16845
  173 18098
  116 18539
   87 18321
  171 18001
  110 17909
  169 18001
   49 18125
  189 18694
   97 18930
  119 19382
   98 19150
  124 18927
  192 18566
   88 18064
  204 18039
  111 18023
  132 19115
  164 20102
   51 21232
  101 21623
  159 21182
   88 20302
  117 18762
  163 17543
  115 16795
  113 16867
  107 17532
  127 18268
  197 18691
   69 18686
  136 18570
  153 18594
  161 19110
  163 19476
  160 19835
  119 20256
  115 21044
  191 22163
  167 22637
   74 22506
  128 21940
   77 21631
  205 21526
  100 20809
  131 19769
  149 18580
  136 18437
   65 19012
  112 19734
  153 20032
  101 19416
   74 18566
  166 17571
  185 17063
   42 16940
  120 17342
   56 17917
  102 18578
  147 18322
  153 17240
  169 15633
   65 14844
  189 15803
  137 17587
   50 19663
  152 20512
  105 20522
  176 19918
  101 18843
  112 18303
  185 17962
  161 18448
  103 19111
  161 19731
   93 20479
  158 21060
  135 21359
  150 21122
  170 20430
   98 20053
  161 20294
  105 20813
  129 21470
  153 21325
   47 20915
  139 20181
  120 19383
   69 18782
   79 17860
   64 17120
  118 16261
  151 15262
  134 14292
  179 13508
  104 13881
  132 15570
  125 17884
  171 19975
  124 20773
  161 20740
   85 20384
  148 20429
  148 20700
  166 20792
  101 20486
   62 20156
   91 20215
  126 20227
   96 19673
   64 18040
  134 16231
  183 14869
  114 14508
  192 14911
   92 15932
  158 17719
  111 19556
  178 21136
   72 21483
  128 21232
   78 20599
  105 20032
  130 19296
  137 18095
  103 16944
   34 16117
  101 16304
  120 16561
  171 16538
  161 15524
  127 14712
  130 15025
   81 16863
  109 19308
  125 20695
  153 20569
  111 19128
  159 17802
  163 17283
  120 17842
  186 19004
  169 20144
  111 21200
  122 21967
  143 22663
  140 22876
   91 22473
   78 21588
  122 20478
  130 19461
  139 18379
  153 17271
  122 16616
   87 16857
  182 17969
   94 19133
  113 19776
   64 19608
  112 19249
  109 18550
  148 17676
  138 16500
   80 15600
   89 15718
  126 16522
  176 17524
   55 17621
   57 17309
  143 16890
  129 16846
  124 16636
  145 16049
  108 15695
   26 16084
   71 17309
  133 18106
  140 17611
  113 15856
  160 14116
  114 13691
  121 14958
  131 17002
   97 18735
   93 19488
  169 19338
  102 18717
  209 18007
   87 17546
  135 17928
  189 18795
  122 20036
  100 20854
  132 21145
  166 21262
  140 20885
   67 20577
  142 20093
  179 19844
   56 19724
  144 19487
  102 19094
  131 18849
  191 18469
  100 18252
  173 18133
   51 18447
  141 19577
  137 20230
  123 20470
  106 19552
  121 18593
  116 18142
  155 18034
  201 18235
  178 18144
  139 18565
  119 19731
  175 21720
   62 23474
  193 24240
  189 23450
  120 22145
  148 21033
   73 20986
  144 21786
  110 22182
  109 21927
  145 20394
   52 18910
  140 17912
  122 17390
  127 17323
   93 16874
  112 16791
  214 16847
   62 17123
  129 17695
  114 18034
  113 18779
   67 18975
  130 18853
  186 18034
  131 16977
   68 16522
  190 16772
  133 17901
  133 19082
  164 19796
   79 20122
  135 20376
  115 20607
  148 20722
  118 20030
  135 19290
  114 18627
  181 18631
   68 18947
  124 19322
   46 19516
  110 19489
  132 18785
  132 17500
  168 15959
   44 14970
  164 15500
  179 16630
   55 18158
  116 18788
   98 19000
   97 18983
  128 18465
   93 17720
  125 16559
   67 15788
  118 15722
  168 15805
   92 15980
   95 15931
  146 16111
  136 16727
   53 17295
   74 17765
  186 17736
   89 17314
   75 16696
  165 16022
   88 15868
  100 16166
   82 16587
  103 16907
  131 16641
  157 16185
  163 15583
  169 15443
  146 16317
  189 18115
  133 20438
  155 22452
   83 23647
  122 24134
  130 23716
  118 22637
  126 21004
  177 19351
  155 18367
  172 18205
  104 18992
  112 20315
  176 21655
  121 22370
   86 22175
   58 21283
  146 20408
  169 19365
  114 18264
  162 17076
  162 16615
  139 17483
   90 19118
  133 20862
   89 21671
  173 21565
  131 20530
  223 19321
  117 18474
  115 18903
  111 20288
   78 21956
  102 22710
  144 21786
  205 19846
  137 17559
  107 16695
   88 17351
  137 19303
   78 20857
  168 21043
   80 19713
  125 18124
  143 17075
  116 17002
  167 17345
  136 17683
  125 18289
  119 18888
   57 19870
  162 20393
   36 20199
  180 19320
  144 17677
  170 16611
  189 16101
  147 16993
  112 18950
  132 21194
  108 23193
  131 23657
  107 22938
  146 21267
  157 19619
  168 18623
  153 18413
  127 19030
  111 20254
  153 21525
   65 22301
  118 22138
   76 21059
  132 19638
   62 18004
   54 16713
  112 15619
  118 14761
  149 14060
   58 13338
   92 13440
  164 14052
   55 15231
  125 15984
  133 16036
  174 15949
  184 15821
  134 16455
  161 17705
   89 19577
  109 21731
   95 22855
  137 22787
  144 21163
   98 19167
  124 17696
  185 17174
  144 17597
   78 18271
  182 19125
   79 19837
  161 20496
   87 20488
  181 20195
  105 19411
   92 19085
  175 18989
   81 19056
   84 19242
  111 18871
  141 18594
  126 17700
   97 16984
  143 16480
  174 16548
   72 17226
  138 18022
  169 18726
  128 19212
  108 19411
  128 19597
  105 19787
  158 19906
  112 19764
  222 19285
  136 18773
  191 19016
  116 19958
  136 21719
   91 23234
  110 23999
  207 23540
  148 21882
  167 20286
  146 19280
   64 20009
   84 21437
  113 22639
  105 22323
  109 20326
  148 17795
  158 15799
  183 15243
   50 15997
  142 17693
  134 19401
   62 20584
  143 20512
   62 19490
  184 18257
   33 16976
  206 16601
   88 16114
  122 16516
  104 16868
   53 17586
  121 18122
   63 17787
  138 17142
   82 15517
   78 14601
  170 13891
   92 14063
   61 14577
  151 15077
  170 15728
   56 16026
   69 16411
  150 16755
  139 17058
  122 17051
  125 16640
  153 16462
   89 16929
  155 18065
  133 18993
   66 19462
  148 19387
  106 19108
  153 18818
  137 18203
  125 17905
  106 17851
  161 18471
   82 19179
  141 19591
  177 19507
  152 19112
  131 18909
  122 19217
   77 20152
  164 21078
  155 21386
   95 20697
   63 19603
   96 18913
  151 18691
  127 18274
   95 17343
  223 16243
  204 15976
  167 16940
  160 18855
  112 21418
  128 23927
   81 25564
  100 25693
  159 23934
   66 21335
  133 18841
   99 17166
  155 16637
  203 16457
  146 16767
  131 17412
  103 18741
  153 20740
  159 22141
   88 22584
  119 21796
  118 20747
   68 20050
  133 19439
  109 18646
  133 17559
  127 16510
  128 16156
  168 16393
  164 17181
  180 18224
  138 19305
  183 20723
  154 22083
   91 23432
  112 24202
  107 24227
   94 23444
  120 21771
   88 19741
   88 17783
  109 16443
   95 15750
   66 15351
  185 15042
  129 14669
  176 14621
   66 15058
  168 16484
  138 18170
   86 19766
   99 20385
   91 20137
  140 19522
  102 18384
  182 17439
   98 16383
   64 16390
  132 17039
  180 18017
   55 18390
  116 18018
  117 17522
   22 17330
   84 17347
   83 16842
  114 15679
  130 13875
  151 12558
  218 12104
  121 13110
   86 15464
  155 18342
   57 20982
   86 22173
  162 21555
  179 19723
   83 17544
   98 16492
  110 16783
  158 17924
  121 18739
  118 18620
  102 18047
   86 17817
  154 18123
  105 18262
  145 17986
  151 17259
  201 17116
  124 17579
  176 18893
  101 20473
  148 22098
   75 23085
   98 23189
  139 22218
  134 20526
   48 18765
  205 17369
  107 16773
  161 16859
   85 17312
  120 18192
  176 18959
  102 19497
   92 19618
  154 19211
  144 19091
  126 18819
  203 18840
   88 18858
  185 19430
   91 20298
  168 21413
  103 21786
   86 21777
  242 21148
  151 20304
  206 19874
  140 19719
  108 21144
  189 22914
  163 24682
  141 25184
  164 24407
  103 23607
  149 23097
  107 23077
   95 22849
  154 21936
  157 20704
   77 19443
  137 18662
   70 18527
   96 18738
   48 18678
  140 18023
  144 16523
  129 14999
  132 14077
  112 14342
  103 15856
   97 17545
  203 18798
   71 18770
  131 18360
  194 17879
  167 18151
  139 18770
  157 19696
  159 20929
   99 22120
  154 23208
  137 23339
  131 22870
  150 21870
  174 21051
   95 20614
   54 20676
   95 21004
  112 20929
   72 19954
  106 17954
   97 15747
  118 14217
  103 13684
  130 13945
   74 14461
  107 15132
  104 15703
  160 16065
   89 16010
  118 15878
  116 15988
  184 16536
  121 17164
   90 17724
  191 18306
  143 18929
   60 19727
  165 20156
   94 20369
  131 20206
  126 19650
  213 19018
  175 18303
  138 18425
  166 19473
   45 21285
  201 23284
  170 23912
  200 23497
   66 21988
  104 21441
   84 21784
   60 22491
   65 22043
  124 19734
  130 16704
  131 13898
  156 12721
  105 13046
  147 14796
  117 16884
  173 18742
  140 19613
   62 19976
  192 20121
   73 20250
  169 20431
   77 19897
   76 19537
  122 18841
   73 18385
  174 17657
  161 16397
   90 15693
  114 15534
  142 16772
  134 18229
   99 19169
  145 19338
   78 18895
  111 18700
   53 18485
   84 18205
  122 17300
   63 15980
  135 14596
  170 13478
  145 13295
  108 13848
  119 15465
   42 17424
   51 19142
  157 19625
   79 18407
   92 16213
  127 14069
  173 13254
  179 13569
  138 14795
  163 16486
  148 18534
   75 20859
   91 22561
  174 23146
  121 22257
  148 20527
  109 18876
  170 18246
   85 18550
   66 19485
  179 19993
  123 19749
   70 18967
  139 17945
   96 17515
   85 17402
  121 17420
  128 17136
  122 16497
   72 16021
   86 16010
  158 16304
   60 16557
   78 16393
  126 15874
   82 15424
  193 15012
  169 14704
   70 14868
  148 15718
  141 17507
   69 19333
   57 20272
  169 20107
  167 18862
  137 17461
  132 16477
  146 16642
  101 18040
   64 19834
  119 20977
   56 20695
  184 19326
   95 17262
  221 15775
   91 15015
  128 15970
  159 17698
   86 19699
  116 20939
  125 20867
  159 20318
  120 19107
  137 18542
  162 18256
  150 18727
  159 19516
  160 20316
  133 21163
  164 21872
  136 22536
  132 22932
   97 22925
  125 22645
  123 21978
  219 21045
   49 19865
  112 19163
   80 19035
   91 19496
   88 19334
  125 18199
  156 16369
   53 14704
  182 14402
  126 14835
   75 16189
  125 17179
  185 18013
  130 18292
   66 18284
  121 18509
   75 18795
  122 19181
   51 18641
  207 17502
  163 15871
  163 15104
  139 15446
   56 17256
  183 19793
   51 21586
  204 22238
  190 20831
  111 19492
  139 18692
  144 19500
  118 21111
  140 22110
   76 22353
  163 21478
   60 20427
  119 19539
  114 18580
   66 17849
  126 17002
  179 16241
   71 15779
   60 15560
  127 16049
  157 16613
   62 16867
   74 16550
  214 16012
   95 15750
   87 16018
  126 16423
   96 17151
   76 17657
   91 17799
  186 17280
   49 16157
  103 15455
  152 15125
   66 15588
  151 16043
   93 16224
  180 16410
  114 16325
  164 16930
   75 17551
  137 18706
   41 19575
  181 19945
  154 19355
   75 18149
   94 17209
  112 17024
  149 17655
   68 17810
  142 17641
  125 16792
   86 16560
  138 16644
   91 17000
  172 17294
  120 17184
   84 17366
   95 17536
  141 18080
  101 18312
   88 18007
  157 17351
  136 16603
  173 16461
  142 16719
  119 17676
  139 18971
  176 20443
  171 21425
  157 21693
  225 21730
   67 22022
  159 23140
   98 24162
   63 24761
  166 23906
  121 22012
  175 19747
   97 17792
  144 17455
  182 17925
  156 19260
  148 20243
  101 20925
   81 21699
  133 22173
  149 22192
   80 21031
   87 19343
   94 17921
  158 17234
   58 16837
   72 16422
  188 15801
  109 15408
  101 15365
   81 15550
  164 16258
   82 16823
   77 17379
  103 17257
   38 16849
  122 16301
  166 15350
  130 14401
  152 13540
  149 13921
  179 15585
  131 17956
   78 20286
  130 21751
  123 22323
   60 21907
  120 20611
  102 18943
  116 17366
   77 16188
   86 15620
  180 15317
   50 15212
  162 15301
   62 15302
   83 15894
   63 16211
   60 16484
  205 15846
   66 14441
  120 13415
  127 12882
   98 14046
  136 15427
  143 16718
  114 17316
  104 17402
  129 17834
  175 18194
  104 18554
   99 18670
  214 18752
  148 19051
  142 19520
  123 20050
  165 20935
  192 21754
  176 22417
  167 22637
  106 22807
   83 23554
  184 24337
  165 24460
  129 23316
  114 21589
  190 20577
  154 20565
  129 21234
  174 21762
  165 22041
  158 22371
  107 22727
   98 23218
   73 23337
   78 22985
  127 21639
  167 19377
  122 16865
   94 15187
  191 15167
  120 16414
  140 18156
  121 19351
  115 20130
   95 20416
  175 20468
  151 20016
   54 19257
  191 18807
  185 18728
  110 19254
   67 19705
  146 20380
  100 20798
  127 20784
   75 19884
   87 18509
  123 17300
  119 16522
  107 16023
   56 15515
   87 15398
   98 15422
   40 15506
  159 14939
   70 13852
  193 13023
  104 12638
  138 13554
   85 14966
  159 16935
  132 18385
  123 19022
  127 19090
   68 18829
  150 19050
  115 18962
  153 18808
   47 18008
  108 17667
  137 17490
  102 17547
  124 17205
   48 16499
  180 16220
   74 16031
   87 16398
  109 16249
   99 16210
  172 15954
   58 15611
  128 15647
   84 15637
   99 16363
  192 16601
  156 16555
  166 16304
  141 16521
   96 18142
  133 20218
  152 22053
   94 22481
  101 21642
   77 20373
  152 19259
  163 18316
   55 17462
  122 16811
   83 16734
   63 17270
  140 17394
  110 16838
  168 15616
   48 14604
  182 14818
  137 15619
   80 17063
  196 17972
  105 18540
  166 19069
  131 19274
  146 20000
  140 20326
  146 20912
  180 21209
  130 21309
  138 21584
  157 21741
  195 22222
  145 22394
  110 22568
  101 22769
   97 23079
  168 23047
  130 22011
  213 20342
   61 18728
  146 18614
  158 19485
  108 20850
  147 21339
  105 20948
  220 20429
   80 19821
  119 20093
  145 20201
  151 20684
  140 20661
  117 20340
   94 20111
  116 19959
  160 20159
  157 19784
   91 19111
  122 18514
  174 18597
  104 19203
   77 19709
  112 19754
   55 19457
  116 18835
  113 17711
  177 16256
  133 14821
   96 14511
   94 15435
   84 17218
  153 18721
  139 18841
   98 18001
   75 16853
  106 16641
  149 17043
   91 17314
  142 17010
   60 16331
  175 16269
  111 16496
  157 17072
   62 17263
  195 17690
   99 18135
   69 18741
  202 19061
   98 18900
  161 18806
   96 18415
  164 18829
   77 19043
  152 19726
  123 19756
  106 19520
  128 19090
  168 18618
  167 18541
  162 18485
  188 19050
   96 20015
  138 21669
  133 23044
  128 23750
  197 23191
   59 21940
  121 20917
   73 20318
  154 20345
   89 19634
  143 18569
  161 17142
  140 16437
  224 16824
  141 17842
   76 19699
   99 21453
   86 23089
  159 23306
  154 21846
  173 19445
  136 17397
  163 17293
  132 18751
  164 20893
   74 22405
  181 22923
  151 22539
   58 21834
  166 21089
   91 20461
  128 20141
  131 19440
   77 18929
  209 18194
   82 17804
   96 17931
  159 18066
  108 18621
   65 18737
  160 18643
  147 18256
  137 17656
  158 17431
  118 17649
   79 18593
  159 19788
  120 20550
  122 20419
  122 19576
   73 18783
  107 18438
  103 18315
  151 17977
  191 17041
   55 16271
   68 16265
  154 17204
   99 18382
  116 18586
  106 17747
  206 16683
  160 16110
   48 16722
  187 17958
  104 19405
  117 20636
   57 20742
  120 20349
   70 19118
   62 17927
   95 16550
  130 15040
  144 13813
   76 12915
  193 13151
   48 14038
  181 15804
   70 17123
  169 18243
  137 18338
  107 18383
  120 18425
  141 18651
  109 19188
  155 19197
   59 19213
  126 18904
  128 18690
  187 18419
  159 17868
   95 17607
  143 18117
  145 19370
   93 20875
  135 21383
   90 21038
  167 20104
  126 19128
  132 18566
  104 18231
  126 18502
  212 18959
  135 19256
  108 19527
  171 19772
  107 20652
  165 21535
  138 21904
  192 21709
  129 21116
   96 21169
   99 21629
  114 22193
  101 22086
   94 20816
  124 19013
   99 17149
  170 16107
  186 15687
  199 16020
  132 16960
   83 18878
  152 21344
   80 23334
  130 23928
  163 22559
  135 20477
   94 18634
  126 18089
  229 18535
   90 19125
   84 19728
  142 19999
   62 20472
  142 20518
  119 19716
  166 18391
   75 16916
  103 16674
  107 17121
  133 17926
  136 18091
  110 17512
   81 17013
   64 16880
  136 17343
  117 17335
  146 16722
  101 15618
  155 15232
  116 15770
   53 17096
  135 18283
   38 18690
  130 18378
   36 17056
  216 15768
  169 14210
   93 13765
  129 14355
  145 16226
  165 18671
  115 20155
  139 20885
   61 20574
   69 20594
   83 20344
  149 19548
  110 17702
  121 15552
  195 14238
   74 14350
  101 15883
   87 17614
  133 19018
  124 19024
   85 18188
  222 16984
   43 16219
  139 16681
   91 17382
  124 18501
  156 18589
  172 18218
  188 17641
   78 17559
  186 18905
  154 20503
   90 22280
  119 22790
   84 22570
   74 21770
  104 20468
  141 18913
  157 16904
  142 15406
  142 14963
  216 15917
   78 17861
   97 20074
  123 21689
   46 22413
  162 21776
  115 19963
  150 17897
   72 16144
   67 16001
  140 16586
  168 17314
   82 17268
  169 16578
  108 16348
  161 16958
  125 18121
   89 19257
  129 19814
  168 19925
   97 19736
  207 19225
   54 18902
  142 19093
   49 19592
  106 20194
  169 19690
  142 18393
  219 16848
   79 15962
  142 17101
  122 18989
  104 21371
  164 22134
   52 21564
  160 20323
  115 18923
  137 18422
  173 17862
  118 17904
  133 18255
   94 19007
  122 20121
  150 20465
   76 20280
  147 19377
  131 18446
  137 18027
  213 17854
  151 18189
  126 18943
  182 20225
  135 21940
  192 23258
  103 23835
  203 23849
   92 23442
  106 23440
  140 23163
   53 22696
   52 21684
   50 19991
  167 18155
  113 15661
   44 13696
  164 12416
   88 12604
  122 13883
  116 15026
  199 15965
   56 16229
   81 16930
   63 17732
  143 18407
  176 18096
   93 16739
  152 15508
   93 15207
   89 16621
   65 18138
  103 19073
  164 18351
   87 16756
  129 15325
  139 14648
  173 15321
   95 16422
   63 17830
  106 18871
  166 19384
   74 19088
   98 17994
  150 16819
  178 16183
  181 16281
  129 16908
  182 18132
  173 19836
   80 21955
   76 23529
  148 24128
  134 23424
   76 21683
  234 19636
   90 17941
   70 17618
  121 18208
  110 19282
  155 19544
  105 18758
  148 17703
   83 16886
  102 17347
  168 17968
  113 18426
   70 18252
  131 17797
  127 17706
   52 17640
  164 17522
   40 16985
   92 16538
   63 15978
  149 15601
  120 14727
  143 13936
  115 13563
  127 14183
  150 15820
  124 17448
  137 18790
  179 19283
   40 19625
  177 19949
  160 20176
   42 20271
   62 19916
  190 19472
  112 18745
  135 17708
  105 16767
  156 16454
  181 17086
  113 18221
  174 19281
   83 20012
  132 20930
   54 21396
   94 21570
  172 20450
  135 18683
  157 16906
   88 15893
  152 16572
  110 17921
   62 19553
  159 20036
  115 19513
  161 18523
  152 17450
   79 17331
  134 17855
  147 18959
   70 19827
  114 19844
  124 19289
   68 18405
  137 17611
   71 16894
  148 16319
   92 15770
  140 15675
  175 15637
   56 16080
  110 16863
   61 17675
   99 18475
   75 18034
   75 16928
  224 15080
  161 13549
  183 13233
  132 14192
  181 17011
  168 20222
  162 23144
   84 24640
  157 24912
   95 24525
  174 23692
  163 22425
  105 21025
  161 20099
   91 20010
  127 20706
  161 20974
   95 20855
  189 20030
   83 19332
  188 19270
  148 19394
  136 20088
  127 20492
  170 21083
  161 21563
  140 21751
   85 21967
   86 21972
  133 22071
   90 21517
  203 20241
  128 18329
   74 17143
  136 17093
  108 18219
  172 19291
   49 19358
  151 18939
  144 18096
   96 17986
  173 17933
   78 18029
  169 18384
  155 18539
  134 19148
  104 19352
  133 19887
  105 20350
   91 20556
  170 20295
  159 19256
  153 18341
  116 17871
   86 18543
  149 19786
   92 20814
  145 20898
  157 19831
  132 18690
   83 18030
  221 18385
  114 19120
  143 19880
   77 20334
  122 20808
  131 20974
   30 20664
  190 19700
   89 18056
  132 16988
   96 16085
  136 16366
   81 16720
  153 17292
  148 17504
  158 17361
   97 17469
   94 17951
  174 19020
  136 19765
   93 19994
  167 19512
  109 19186
  164 19209
  144 19451
  133 19791
   81 19973
  127 20397
  153 20637
  114 20378
  176 19655
   78 18747
   77 18678
  164 18991
  100 19401
  213 19063
   87 18123
   96 17802
  173 18116
  118 19294
   67 19997
  185 19924
   86 19412
   99 18771
  154 18429
  160 18168
   94 17932
   69 17960
  223 18337
   68 18644
  146 18993
  100 18691
  129 18761
  133 18666
   53 18753
  159 18635
  172 18049
   78 17741
  208 17353
   73 17684
  171 18549
  152 19429
  131 20403
  193 20629
  113 20827
  155 21264
  190 21658
  151 22406
  184 22605
  156 22946
   81 23415
  182 24002
   91 24393
  128 24052
   92 22808
   83 21384
  134 19833
   80 18551
  120 17424
   83 16266
  103 15760
   81 15350
   99 15375
  125 15149
  129 14785
  118 14533
  149 14582
  112 15316
  127 16446
  139 17681
  150 18612
  118 19079
   99 19315
   86 19530
  150 19666
  145 19423
  201 18666
   99 17834
  126 17890
  169 18948
   56 20557
   95 21605
  123 21371
  175 20292
  160 18529
   41 17343
  182 17082
  162 17803
  117 19075
   70 19686
   98 20027
  184 19908
  103 19498
  147 18830
   97 17826
   74 17733
   72 18117
  178 18651
  126 18157
  163 16897
   98 15901
  152 16179
  115 17600
  174 19271
  212 20170
   48 20324
  161 20610
  131 21074
  130 21974
  132 21871
  106 21295
  203 20317
  140 19626
   80 19707
  128 19953
  119 20633
   79 20862
  122 20428
  138 19299
  127 17843
  123 16881
  161 16666
  162 17131
  155 18050
  150 19139
  166 20319
   68 21485
  135 22472
  123 22801
  198 22350
   83 21019
  102 19857
  154 19255
  141 19418
  173 19684
  103 19483
  168 19490
  121 19660
  196 20601
  127 21157
   63 21601
  107 21732
  125 21717
  143 21265
  130 19794
  169 18231
   64 17152
  152 17582
  157 18585
  155 19544
  100 19721
  103 19692
  157 19886
  136 20141
  120 20216
  137 19678
  125 19306
  115 19216
   68 19501
  120 19650
   92 19211
  121 18339
  105 17077
  171 16059
   88 15487
   89 15757
   87 16547
   74 17383
  119 17609
   93 16816
  179 15576
  105 14306
  175 14246
   68 15050
   94 16893
   80 18456
  142 19272
  151 18735
  123 17285
  191 16167
  124 15990
   49 17429
  108 19225
  150 20661
  158 20595
  115 19286
  144 17869
  126 17328
  172 18155
  172 19363
  200 20324
   90 20890
  112 21715
  123 22804
   84 23562
  150 23122
   93 21340
  146 19303
  170 17600
  186 17168
  233 17492
  132 18720
  147 20790
  113 23179
  175 25467
   72 26136
  135 25415
  197 23436
  146 21459
  112 20191
  169 19838
   85 20482
   87 21310
  179 21769
   85 21198
   89 19993
  110 18639
  149 17852
  192 17278
   92 16988
  156 17081
  172 17784
  145 19295
  157 20612
   53 21601
   92 22128
   82 22073
  151 21479
  166 19565
   78 17341
  114 15809
  121 15784
   83 17028
  153 17946
   90 18057
   83 17451
  166 16807
  159 16623
  195 16639
  128 16948
   65 18025
  175 19711
  131 21488
  100 22222
  111 21530
  183 20356
  131 19255
  175 18909
  169 19016
   90 19656
   92 20819
  147 21938
   95 22384
  168 21553
  125 19929
  132 18524
   58 17995
  170 18512
  164 19022
  152 19145
   80 18812
   84 18807
   97 19468
   87 19986
   52 19614
  118 17872
  133 15701
  152 13905
  114 13172
  112 13633
  111 15060
   95 16882
   63 18250
  126 18505
   94 17719
  181 16423
  104 15243
   51 14949
  163 15519
  147 16616
  132 17500
  165 17623
  158 17794
   59 18343
  168 19699
  105 20846
  129 21263
  163 20609
   79 19651
  120 19001
  128 18810
  114 18999
   91 18732
  108 18377
  152 17741
  107 17253
  200 17007
   75 16878
  121 17516
  150 18370
  165 19438
  176 19825
   74 19766
  103 19990
   96 20450
  145 21135
  171 20566
  141 19216
  141 17822
  134 17629
  125 18892
  110 20429
   97 21430
   83 21277
  149 20340
   61 18953
  145 17613
  178 16442
   49 15943
  113 16110
   54 16776
  181 17603
  145 17424
  166 16868
  202 16044
  118 16548
  198 18540
  139 21032
  185 23457
   79 24407
  146 24852
  160 24377
   67 23653
  139 22557
  168 21137
  116 20095
   89 19170
  150 19011
   46 19020
  174 19185
  148 18784
  150 18104
  110 17428
   72 17679
  200 18702
  132 19612
  100 20048
  161 19540
  132 19394
  100 19534
   96 19968
  200 20201
   65 19746
   98 19298
  109 18701
   78 18468
  144 18029
   84 17208
  161 16331
  143 15461
   98 15640
   99 16313
  160 17535
  108 18449
  213 18754
  101 18630
   32 18689
   74 19276
  145 20000
  104 19699
   50 17960
  209 15789
  183 14190
  104 14346
   91 15594
  124 17714
  108 19629
   76 20594
  148 20194
   81 18613
  135 17146
   69 16143
  209 16076
  152 16089
  103 16517
  123 17229
   52 18502
   89 19919
  121 20202
  186 19318
   65 17120
  177 15606
  154 15230
  115 16466
  148 18144
   91 19568
   89 20508
  140 20610
  106 20243
  117 19079
  167 17886
  137 17056
  203 17019
  152 17750
   73 19145
  212 20811
  114 22284
  105 23087
   96 22792
  191 22125
  157 20968
  146 20086
  110 19550
  125 19763
  129 20716
  103 21418
  135 21415
  159 20390
   89 19289
  152 18597
  145 18556
  112 18908
  131 19248
  137 19547
   80 19694
  143 19691
   85 19481
   96 19024
   97 18316
  132 17556
  121 16692
   86 16012
  185 15730
  137 15819
   24 16575
  171 17437
   87 18251
  112 18608
   85 18078
  132 17382
  154 16478
  129 16104
  119 16202
   93 16685
   97 17780
   63 18566
  132 18869
  114 17947
  134 16518
   88 15214
  136 14913
   99 15457
  129 16425
  169 17104
   89 17338
  140 17561
  127 17863
   95 18597
   96 19004
   40 19133
  184 18654
  117 17534
   69 16408
  143 15381
  153 15363
  103 15989
  101 16819
  143 17611
  166 17966
   53 18288
  198 18480
   56 18532
  170 18857
  107 18804
  140 18947
  111 18672
  131 18619
   90 18733
  151 18762
  108 18819
  116 18432
  104 18186
  146 17932
   76 17869
  156 17804
  104 17651
  181 17538
  141 17488
  167 17844
   51 18586
  163 19793
   75 20819
  148 21163
  165 20400
  160 19092
  193 18178
   77 18255
  127 19754
   93 21301
  166 22559
  124 22024
   96 20707
  194 19154
  108 18383
  127 18705
  120 19177
  167 19908
   49 20028
  193 20103
   99 19688
   96 19345
  191 18942
   94 18697
  116 18742
   52 18705
  138 19078
  125 18695
   49 18126
  192 16919
  150 15884
   81 15733
  126 16139
  187 17378
  184 18409
   98 19190
  162 19872
  168 20563
  126 21659
   98 22402
  176 22669
   91 22292
  143 21656
  124 20884
  126 20216
   68 19617
   88 19279
  202 18920
  124 18175
   86 17435
   91 16896
   71 17396
  121 18064
  101 18130
  161 17129
  137 15525
  105 14835
  177 15336
   76 16848
  114 18542
  171 19446
   60 19742
  132 19301
   99 18657
  177 18216
  153 17614
  137 17520
  186 17686
   92 18671
  102 20301
  174 21544
   32 22163
   81 21547
  120 20187
  192 18560
  122 16716
  127 15635
  185 15576
   68 16902
  140 19027
   61 20443
  149 21031
  170 20066
  128 18837
  196 17702
  133 17539
  104 18766
  114 20407
  124 22061
  127 22327
  187 21486
   72 20020
  172 18973
  147 18779
  121 19391
  201 20012
   77 20473
  130 20922
   92 21143
  143 21493
  170 20828
   90 19855
  175 18799
  157 18344
  164 18998
  129 19788
  103 20954
  133 21753
  118 22210
  142 22042
   77 20990
   96 19881
   82 18807
   95 18171
  151 17322
  131 16168
  122 15174
   75 14864
  149 15745
  141 16913
  197 17877
  107 18072
  221 18370
  159 19159
   75 20816
  151 22568
   82 23682
  131 23844
  163 22538
  153 20836
   92 19013
  146 18432
  161 18832
  186 19671
  133 20303
  133 20631
  118 21186
   32 22004
   64 22557
  103 21860
  133 19800
   85 16715
  151 14133
  201 12853
   58 13375
  138 15221
  148 17302
  151 19114
  161 19799
  110 19963
  178 19997
  144 20337
   54 21173
  137 21658
  119 21711
   79 21017
   79 19704
  157 18315
  157 16909
  162 16045
  113 15868
   87 16664
  119 18296
  138 19829
  187 20380
   95 19630
  153 18741
   70 18475
  134 19344
  151 20012
  204 20015
   65 19201
   66 18731
  144 19132
  134 19800
  125 19865
   71 18723
  153 17610
  132 16951
   71 17287
  101 17597
   82 17699
  168 17481
   83 16816
  156 16260
   97 15666
  122 16013
  126 16740
  130 17632
   96 18107
  146 18103
  232 18108
   90 18047
  120 18622
   93 19480
  110 20838
  140 21378
   75 20826
  184 19281
   67 17590
   75 17046
  145 16976
   81 17360
   85 17153
   93 16468
  181 15825
  149 15080
   91 15064
  138 15530
  111 16794
   93 18362
  191 19264
   93 19295
   80 18710
  151 18242
  133 18285
  195 18340
   78 18209
  144 18368
  128 18820
  105 19923
   88 20449
   82 20295
   50 19435
   84 18079
  143 16622
  119 14788
   58 13347
  137 12752
   79 13317
   71 14523
  142 15346
  153 15458
   72 15052
  170 14885
  128 15371
   95 16462
  126 17653
  183 18534
  203 18885
  122 18955
  111 19466
   91 20541
   57 22080
  133 22672
   74 21612
  192 19188
  116 16403
  125 15064
  103 15173
  156 16691
   53 18229
  101 19131
   89 19073
   60 18192
  134 16984
  156 15478
  140 14353
  119 13801
  144 14633
  142 16301
  147 18336
  177 19761
   82 20446
  103 20872
  135 21130
  111 21235
  131 20596
   96 19400
   93 18278
   68 17585
  102 17430
  114 16955
  161 16074
  114 14953
   54 14452
  169 15019
  134 16153
  138 17262
  109 17610
  165 17898
  116 18262
  129 19082
  162 19746
  167 20025
  117 20146
  148 20308
  187 20837
   46 21381
  106 21912
  174 21846
  160 21296
  183 20085
  172 19072
  110 19089
   78 20390
  145 22385
  102 23400
  148 22848
   71 20877
   87 18969
  168 17738
  111 17256
  119 16992
  135 16683
  198 16884
  114 17372
  147 18492
   92 19555
   80 20681
  143 21283
  139 20954
  182 19752
   49 18164
  182 17654
  178 17957
  116 19146
  122 19938
   79 20515
  132 20974
   89 20885
   92 20388
  110 18837
  104 17334
   84 16097
  133 15453
  111 15224
  148 15133
  166 15312
   43 15851
  167 16881
  148 17948
   79 18889
   88 19054
  102 18937
  173 18510
   56 17808
   70 17189
  153 16404
  114 16156
   99 15942
  107 15750
  142 15774
   58 15932
  133 16519
   84 16742
  165 16748
   60 16303
  107 16112
   87 16044
  140 16233
  131 16187
  111 15857
  113 15722
   45 15928
  156 16832
  156 17224
  122 17189
   81 16540
  101 16539
  171 17203
   52 17959
  132 18265
  179 17639
  105 17161
  175 16961
   93 17435
  147 18502
  150 19427
  105 20343
  128 20476
   61 20308
  154 20033
  191 19348
   84 18709
   95 17945
  212 17917
   65 18533
  118 19299
   84 19623
  121 19505
   81 18823
  188 18007
  215 16874
   92 16166
  192 16689
   98 18292
   79 20898
  142 22511
  120 22886
  181 21577
   98 19651
  125 18496
  202 18200
   79 19028
  169 19882
  154 20371
  124 20789
  151 20839
  116 21148
  152 21316
  106 21257
  101 21208
  146 20692
   56 20178
  124 19437
  127 18481
  152 17652
  172 16732
  145 16505
  130 17093
  105 18534
   41 20402
  101 21508
  163 21272
  120 19503
   59 17176
  103 15603
  134 15344
  127 15901
  143 16306
  113 16228
   47 16314
   78 16968
  128 17756
   56 17703
   67 16522
   53 14785
  158 13439
  138 12523
  112 12165
  148 12279
   22 13382
  171 15419
  115 17081
   46 18002
  123 17460
   66 16707
  210 16077
   88 15388
  182 15312
   90 15283
  138 16674
  163 18215
  113 19624
  140 20272
  103 20090
   84 20189
  169 19937
   86 19714
  145 18952
  168 18067
  107 17703
  154 17871
  127 18635
  141 19599
   90 20187
  109 20621
  212 20385
  189 19866
  100 19324
  126 19330
   61 20399
  113 21793
  104 22259
  175 21128
  141 18686
  157 16747
  172 16286
  143 17510
   88 19644
  175 21505
  169 22575
  162 22558
  171 22003
  151 21653
  161 22062
   93 23006
   75 23988
  177 24078
   78 23167
   80 21436
  167 19422
  150 17914
  179 17007
  111 16909
  181 17760
   63 19114
   89 20953
  139 21832
  177 21571
  100 20070
  192 18420
   82 17740
  165 18336
   75 19581
  166 20657
  130 20707
  164 20185
  183 19493
  158 19280
   74 20021
  130 21175
   86 22473
  109 22698
   65 21672
  121 19669
  165 17456
   90 15811
  103 15137
   84 15287
  140 16218
   66 16823
  105 17054
  131 16443
   63 15784
  156 15365
   84 15149
   79 15389
  143 15473
  154 15797
   51 15865
   90 16034
   79 16349
  101 16594
   85 16376
  115 15431
  106 14203
   95 13446
  109 13527
  129 14110
  114 14859
  123 15366
   76 15862
  200 16391
  145 16829
  110 17338
  190 17851
  136 18780
  151 20048
  103 21136
  183 22060
  120 22153
   98 22117
   87 21659
   96 21163
  127 20415
  210 19111
   79 17662
  160 16662
  161 16855
  134 18251
   94 19833
  153 20969
  114 21293
  113 21007
   59 20460
  145 19658
   98 18762
  151 17793
  166 16814
   89 16315
  105 16667
  109 17672
  106 18889
   84 19125
   89 18558
  154 17283
  106 16111
  163 15451
  131 15298
   89 16034
  190 17200
   78 18500
  163 19503
  139 19667
   75 19781
  125 19603
   62 19604
  125 19411
   96 18477
  138 17416
  150 15977
  101 15382
  139 15595
  134 16518
  154 17843
  142 18669
  196 19335
   79 19716
  120 20497
  170 21297
   81 21814
  178 21601
   73 20648
  162 19920
  154 19208
  121 19240
   80 19197
  151 19461
  131 19714
  106 19618
  121 19324
  126 18691
  141 18406
  184 18262
  104 18378
   61 18703
   84 19373
  138 19991
  149 19744
  123 18398
   87 16758
  189 16032
   44 16606
  165 17881
  131 18569
  128 18770
  127 18403
   84 18378
  175 18686
   71 18840
   78 19098
  119 18585
  131 18145
  117 17228
  105 16402
  149 15972
  175 16008
  115 16783
  182 17740
  108 18848
   79 20092
  182 21060
  148 21475
  158 21057
  161 20182
   95 19946
   55 20458
   75 21481
  168 21719
  154 20381
  138 18105
  116 16120
  120 15959
  126 17391
  171 19185
   37 20092
  150 19998
  108 19344
  143 18855
  127 18199
  133 17744
  147 17549
  122 17884
  134 18771
  168 19405
   92 19986
  125 20173
  173 20301
  152 20287
  116 20106
  102 20051
  180 20287
  106 20584
   73 20795
  156 20439
  156 19852
  151 19154
  142 18595
   86 18650
  180 19284
   81 20248
  179 20940
  128 20660
   63 20211
  136 19715
  129 19595
  107 19440
   62 18690
   69 18037
  123 17195
  148 16532
  146 15562
  198 14648
   80 14656
   92 16122
  162 18457
   98 20425
  183 20900
  140 20006
  206 19100
  172 18802
   46 19971
  141 21688
   51 23142
  119 23579
   75 21986
  108 19587
  174 16693
   47 14873
  105 14412
   99 14723
  108 15707
   51 15926
   75 15835
   98 15089
  126 14243
  119 13490
  127 12884
  146 13030
  115 13935
  178 15618
   90 17271
   86 18732
  127 19532
  157 19855
  120 19402
  121 18549
  111 17937
   67 17937
  112 18494
  149 18610
   92 18014
  121 16895
  118 16101
  152 16106
  148 16589
  159 17291
  134 17945
  150 18874
  139 20049
  154 21153
   86 21844
   75 21992
  126 21682
   98 20858
  166 19510
   81 17750
  195 16582
   76 16154
   82 17041
  114 18039
  162 18775
  166 18554
   80 17689
  178 17341
  147 17590
  158 18948
  133 20014
  117 20956
   95 21425
  142 21704
  126 21553
  136 20658
   78 19509
  185 18623
   90 18305
  172 18499
  149 18596
  161 18903
  134 19332
  119 20168
   77 21206
  203 21805
  153 21746
  183 20890
