+-----------------------------------------------------------------------------------------------------------------------------------------------------------------------------------------------------------------------+
; Legal Partition Candidates                                                                                                                                                                                            ;
+------------------+-------+----------------+--------------+----------------+--------+-----------------+---------------+-----------------+-------+----------------+--------------+------------------+-------------------+
; Hierarchy        ; Input ; Constant Input ; Unused Input ; Floating Input ; Output ; Constant Output ; Unused Output ; Floating Output ; Bidir ; Constant Bidir ; Unused Bidir ; Input only Bidir ; Output only Bidir ;
+------------------+-------+----------------+--------------+----------------+--------+-----------------+---------------+-----------------+-------+----------------+--------------+------------------+-------------------+
; u_fir8|u_fir_pe6 ; 33    ; 8              ; 0            ; 8              ; 24     ; 8               ; 8             ; 8               ; 0     ; 0              ; 0            ; 0                ; 0                 ;
; u_fir8|u_fir_pe7 ; 33    ; 8              ; 0            ; 8              ; 24     ; 8               ; 8             ; 8               ; 0     ; 0              ; 0            ; 0                ; 0                 ;
; u_fir8|u_fir_pe5 ; 33    ; 8              ; 0            ; 8              ; 24     ; 8               ; 8             ; 8               ; 0     ; 0              ; 0            ; 0                ; 0                 ;
; u_fir8|u_fir_pe4 ; 33    ; 8              ; 0            ; 8              ; 24     ; 8               ; 8             ; 8               ; 0     ; 0              ; 0            ; 0                ; 0                 ;
; u_fir8|u_fir_pe3 ; 33    ; 8              ; 0            ; 8              ; 24     ; 8               ; 8             ; 8               ; 0     ; 0              ; 0            ; 0                ; 0                 ;
; u_fir8|u_fir_pe2 ; 33    ; 8              ; 0            ; 8              ; 24     ; 8               ; 8             ; 8               ; 0     ; 0              ; 0            ; 0                ; 0                 ;
; u_fir8|u_fir_pe1 ; 33    ; 8              ; 0            ; 8              ; 24     ; 8               ; 8             ; 8               ; 0     ; 0              ; 0            ; 0                ; 0                 ;
; u_fir8|u_fir_pe0 ; 33    ; 8              ; 0            ; 8              ; 24     ; 8               ; 8             ; 8               ; 0     ; 0              ; 0            ; 0                ; 0                 ;
; u_fir8           ; 25    ; 0              ; 0            ; 0              ; 24     ; 0               ; 0             ; 0               ; 0     ; 0              ; 0            ; 0                ; 0                 ;
+------------------+-------+----------------+--------------+----------------+--------+-----------------+---------------+-----------------+-------+----------------+--------------+------------------+-------------------+
